1 0.246875 0.90703125 0.315625 0.1578125
0 0.9234375 0.63046875 0.0703125 0.0484375
1 0.915625 0.73203125 0.075 0.065625
1 0.921875 0.98671875 0.046875 0.0265625
1 0.7953125 0.78125 0.0875 0.0625
1 0.79453125 0.6921875 0.1078125 0.0796875
0 0.821875 0.45 0.115625 0.0578125
0 0.7640625 0.49453125 0.1453125 0.0984375
1 0.87734375 0.3578125 0.1 0.0671875
1 0.84140625 0.215625 0.0859375 0.05625
1 0.55546875 0.2296875 0.1140625 0.096875
1 0.69765625 0.08984375 0.0890625 0.0703125
1 0.58203125 0.515625 0.1203125 0.08125