1 0.06484375 0.7015625 0.121875 0.303125
0 0.421875 0.0640625 0.040625 0.065625
1 0.3203125 0.059375 0.0578125 0.06875
1 0.05234375 0.0203125 0.053125 0.040625
1 0.25703125 0.17265625 0.053125 0.08125
1 0.3453125 0.184375 0.06875 0.1
0 0.5890625 0.18671875 0.0453125 0.1109375
0 0.5375 0.23828125 0.0828125 0.1359375
1 0.68671875 0.14296875 0.05625 0.09375
1 0.82421875 0.19609375 0.046875 0.08125
1 0.775 0.478125 0.084375 0.1046875
1 0.93125 0.35390625 0.0609375 0.0828125
1 0.49453125 0.41640625 0.06875 0.1125