1 0.97578125 0.33046875 0.0484375 0.1015625
1 0.86875 0.284375 0.0859375 0.1125
1 0.74921875 0.25234375 0.0890625 0.1125
1 0.6515625 0.26640625 0.0765625 0.08125
1 0.60078125 0.259375 0.0828125 0.109375
1 0.3640625 0.1796875 0.090625 0.15
1 0.21171875 0.2125 0.1 0.146875
1 0.103125 0.4609375 0.109375 0.159375
1 0.16953125 0.56171875 0.1078125 0.128125
1 0.3671875 0.58515625 0.096875 0.13125
1 0.47734375 0.4984375 0.1 0.1578125
1 0.6265625 0.6265625 0.1125 0.1328125
1 0.85078125 0.58671875 0.1 0.140625