1 0.346875 0.021875 0.103125 0.04375
1 0.29765625 0.12421875 0.1140625 0.0890625
1 0.2609375 0.24296875 0.1140625 0.0921875
1 0.271875 0.33984375 0.0828125 0.078125
1 0.26328125 0.39140625 0.1109375 0.0859375
1 0.175 0.625 0.1515625 0.0953125
1 0.20234375 0.778125 0.1484375 0.1046875
1 0.446875 0.8953125 0.1609375 0.1125
1 0.55 0.83203125 0.13125 0.1109375
1 0.58046875 0.63515625 0.1328125 0.1
1 0.49765625 0.52265625 0.1578125 0.1046875
1 0.63046875 0.378125 0.134375 0.115625
1 0.5984375 0.153125 0.1421875 0.1046875