1 0.05546875 0.2234375 0.0703125 0.0875
1 0.1890625 0.20703125 0.065625 0.1
1 0.31328125 0.20234375 0.06875 0.1
1 0.4046875 0.23828125 0.0625 0.06875
1 0.45625 0.24296875 0.0625 0.0984375
1 0.7046875 0.21875 0.0609375 0.140625
1 0.8453125 0.284375 0.071875 0.134375
1 0.8953125 0.55078125 0.078125 0.1453125
1 0.8078125 0.634375 0.084375 0.1125
1 0.61015625 0.6125 0.071875 0.11875
1 0.52265625 0.50390625 0.06875 0.1453125
1 0.3484375 0.59453125 0.0890625 0.115625
1 0.1390625 0.50546875 0.0734375 0.128125