1 0.98671875 0.23046875 0.0265625 0.0734375
1 0.946875 0.26171875 0.10625 0.0921875
0 0.8234375 0.23515625 0.1734375 0.1453125
1 0.95390625 0.46640625 0.0921875 0.0921875
1 0.70625 0.3515625 0.1265625 0.1015625
1 0.51640625 0.13515625 0.1421875 0.109375
1 0.45625 0.06015625 0.15625 0.1203125
1 0.1875 0.20234375 0.146875 0.11875
1 0.85703125 0.6671875 0.1234375 0.1078125
1 0.6796875 0.590625 0.1265625 0.10625
1 0.3171875 0.42734375 0.1125 0.0953125
1 0.21171875 0.4296875 0.1515625 0.1265625
1 0.7796875 0.8234375 0.115625 0.0984375
1 0.5453125 0.6796875 0.125 0.1
1 0.74140625 0.9015625 0.14375 0.11875
1 0.76875 0.98125 0.08125 0.0375
1 0.5890625 0.9671875 0.125 0.065625
1 0.24296875 0.85234375 0.1296875 0.1140625