1 0.025 0.159375 0.040625 0.08125
1 0.08359375 0.20703125 0.053125 0.1
0 0.1171875 0.33203125 0.0859375 0.15
1 0.04765625 0.85625 0.078125 0.140625
1 0.2609375 0.10546875 0.059375 0.0875
1 0.27421875 0.38359375 0.05625 0.1140625
1 0.1671875 0.65078125 0.05625 0.13125
1 0.125 0.73984375 0.071875 0.1390625
1 0.3765625 0.91328125 0.065625 0.13125
1 0.48671875 0.10625 0.06875 0.103125
1 0.49921875 0.2984375 0.0625 0.1109375
1 0.51796875 0.69609375 0.0578125 0.096875
1 0.56796875 0.7890625 0.075 0.13125
1 0.6609375 0.10390625 0.059375 0.1
1 0.63984375 0.378125 0.0546875 0.1125
1 0.7484375 0.10234375 0.0703125 0.125
1 0.82421875 0.0328125 0.053125 0.0640625
1 0.89453125 0.19921875 0.065625 0.10625
1 0.93046875 0.56875 0.071875 0.109375