1 0.03125 0.1703125 0.0625 0.065625
1 0.08203125 0.20859375 0.1125 0.084375
0 0.2109375 0.19765625 0.1703125 0.1328125
1 0.04921875 0.41015625 0.0984375 0.0859375
1 0.31328125 0.32734375 0.1265625 0.0921875
1 0.528125 0.1359375 0.1421875 0.0984375
1 0.596875 0.065625 0.1546875 0.115625
1 0.84609375 0.24296875 0.1453125 0.10625
1 0.12578125 0.621875 0.1203125 0.1
1 0.31015625 0.56796875 0.125 0.096875
1 0.690625 0.45 0.1109375 0.0875
1 0.79453125 0.46484375 0.1484375 0.115625
1 0.1828125 0.78671875 0.1140625 0.090625
1 0.43359375 0.6734375 0.125 0.090625
1 0.2109375 0.86953125 0.1421875 0.109375
1 0.171875 0.9640625 0.078125 0.071875
1 0.3515625 0.96171875 0.121875 0.0765625
1 0.71171875 0.88125 0.128125 0.1046875