0 0.81171875 0.0921875 0.1703125 0.1046875
0 0.93671875 0.2828125 0.0921875 0.0671875
0 0.9375 0.44609375 0.096875 0.0484375
1 0.88671875 0.49375 0.1171875 0.0640625
0 0.8203125 0.35 0.15 0.075
1 0.63515625 0.34609375 0.15625 0.09375
0 0.6515625 0.18125 0.18125 0.0796875
0 0.19375 0.15234375 0.1875 0.0859375
1 0.503125 0.30625 0.159375 0.090625
0 0.6078125 0.46328125 0.303125 0.1390625
0 0.79296875 0.59609375 0.08125 0.0484375
1 0.76171875 0.64453125 0.1328125 0.0765625
1 0.76953125 0.8359375 0.1828125 0.1125
1 0.33046875 0.7328125 0.2328125 0.140625