0 0.12734375 0.14765625 0.0875 0.1625
0 0.3296875 0.04296875 0.0578125 0.0859375
0 0.4921875 0.059375 0.0390625 0.09375
1 0.534375 0.11484375 0.053125 0.1125
0 0.384375 0.165625 0.059375 0.1453125
1 0.3609375 0.34921875 0.078125 0.1484375
0 0.19921875 0.315625 0.0625 0.175
0 0.12265625 0.76796875 0.0671875 0.18125
1 0.3078125 0.4765625 0.075 0.153125
0 0.475 0.3890625 0.109375 0.29375
0 0.6265625 0.21875 0.040625 0.078125
1 0.67109375 0.2546875 0.0640625 0.1265625
1 0.8625 0.2671875 0.0953125 0.1734375
1 0.7140625 0.69296875 0.11875 0.221875