0 0.29609375 0.04921875 0.1828125 0.0984375
0 0.12890625 0.18359375 0.1 0.084375
0 0.08828125 0.3421875 0.1015625 0.06875
1 0.1265625 0.40078125 0.1234375 0.0890625
0 0.225 0.27734375 0.15625 0.10625
1 0.40625 0.31796875 0.165625 0.1234375
0 0.4296875 0.1546875 0.1859375 0.11875
0 0.88125 0.23671875 0.19375 0.125
1 0.54375 0.31171875 0.1703125 0.1234375
0 0.4046875 0.43828125 0.3140625 0.203125
0 0.1921875 0.52265625 0.0875 0.065625
1 0.2109375 0.5765625 0.140625 0.103125
1 0.15703125 0.7609375 0.1953125 0.1484375
1 0.6078125 0.7671875 0.2484375 0.1875