0 0.34140625 0.084375 0.240625 0.1421875
0 0.04453125 0.18828125 0.0890625 0.0984375
1 0.03515625 0.246875 0.0703125 0.075
1 0.03046875 0.41484375 0.0609375 0.0734375
0 0.0625 0.325 0.125 0.103125
0 0.234375 0.31796875 0.084375 0.0609375
0 0.3671875 0.23828125 0.2359375 0.134375
0 0.55703125 0.13359375 0.1328125 0.13125
1 0.8 0.1328125 0.2421875 0.1765625
0 0.58046875 0.334375 0.26875 0.1921875
0 0.3390625 0.35625 0.1421875 0.1171875
0 0.109375 0.4296875 0.0921875 0.0875
0 0.14453125 0.51875 0.103125 0.084375
1 0.121875 0.58671875 0.1140625 0.0921875
1 0.34921875 0.521875 0.1484375 0.115625
1 0.2390625 0.63046875 0.1953125 0.103125
0 0.1484375 0.7125 0.1296875 0.1015625
0 0.16953125 0.815625 0.0921875 0.084375
0 0.32578125 0.790625 0.1015625 0.08125
1 0.4671875 0.69140625 0.1734375 0.13125
0 0.64375 0.60390625 0.23125 0.1375
1 0.84296875 0.6796875 0.1625 0.1296875
1 0.5703125 0.81953125 0.1546875 0.11875
0 0.234375 0.93515625 0.1046875 0.0796875
1 0.41328125 0.953125 0.1109375 0.09375