0 0.059375 0.4390625 0.09375 0.225
0 0.0859375 0.09375 0.0671875 0.1453125
1 0.1453125 0.0875 0.0546875 0.0953125
1 0.30859375 0.04453125 0.05625 0.084375
0 0.22734375 0.09765625 0.071875 0.1453125
0 0.2625 0.28203125 0.0453125 0.0765625
0 0.21484375 0.4296875 0.0859375 0.221875
0 0.15625 0.63828125 0.109375 0.1109375
1 0.209375 0.875 0.13125 0.21875
0 0.35703125 0.615625 0.140625 0.24375
0 0.3234375 0.37578125 0.090625 0.125
0 0.34375 0.13515625 0.071875 0.078125
0 0.43828125 0.14921875 0.065625 0.090625
1 0.49921875 0.1125 0.071875 0.1
1 0.4875 0.3484375 0.0890625 0.13125
1 0.56875 0.21640625 0.0625 0.1859375
0 0.628125 0.109375 0.078125 0.115625
0 0.7328125 0.10703125 0.06875 0.078125
0 0.74375 0.26484375 0.0625 0.0890625
1 0.67890625 0.425 0.0984375 0.1546875
0 0.63359375 0.61640625 0.090625 0.2171875
1 0.75234375 0.79375 0.1 0.14375
1 0.82734375 0.496875 0.090625 0.1375
0 0.8640625 0.14296875 0.059375 0.09375
0 0.97421875 0.08671875 0.0484375 0.071875
1 0.92265625 0.31328125 0.0734375 0.096875