0 0.3484375 0.08203125 0.2390625 0.1390625
0 0.046875 0.17890625 0.09375 0.0953125
1 0.0375 0.23828125 0.075 0.0734375
1 0.03046875 0.4078125 0.0609375 0.071875
0 0.0640625 0.3171875 0.128125 0.1
0 0.2375 0.31328125 0.084375 0.0609375
0 0.371875 0.2359375 0.234375 0.1296875
0 0.5640625 0.13515625 0.13125 0.1296875
1 0.80625 0.1375 0.240625 0.1734375
0 0.58359375 0.3359375 0.2671875 0.1875
0 0.34140625 0.353125 0.140625 0.1140625
0 0.1109375 0.42265625 0.090625 0.0859375
0 0.14375 0.5125 0.1015625 0.0828125
1 0.12109375 0.5796875 0.1125 0.090625
1 0.34921875 0.51953125 0.146875 0.1140625
1 0.23671875 0.6265625 0.1953125 0.1
0 0.14453125 0.70625 0.1296875 0.1
0 0.1640625 0.809375 0.090625 0.0828125
0 0.3203125 0.7875 0.1 0.0796875
1 0.4640625 0.690625 0.171875 0.128125
0 0.64140625 0.60625 0.23125 0.134375
1 0.83984375 0.6859375 0.1609375 0.128125
1 0.56484375 0.82109375 0.153125 0.1171875
0 0.2265625 0.93046875 0.1046875 0.078125
1 0.40546875 0.95234375 0.109375 0.0921875