1 0.05234375 0.02109375 0.0546875 0.0421875
1 0.3234375 0.06015625 0.053125 0.078125
1 0.25625 0.1703125 0.053125 0.0828125
0 0.41484375 0.05625 0.059375 0.084375
1 0.3453125 0.18671875 0.0640625 0.1078125
1 0.06328125 0.69765625 0.11875 0.30625
0 0.58828125 0.1859375 0.05 0.1140625
0 0.54375 0.240625 0.0703125 0.128125
1 0.49296875 0.41796875 0.071875 0.1171875
1 0.68671875 0.13828125 0.05625 0.096875
1 0.82578125 0.196875 0.0453125 0.0859375
1 0.778125 0.4765625 0.071875 0.1
1 0.9328125 0.35234375 0.0578125 0.0796875