1 0.9890625 0.078125 0.021875 0.05625
1 0.9484375 0.346875 0.08125 0.0578125
1 0.8421875 0.27421875 0.0859375 0.0578125
0 0.94765625 0.43828125 0.0875 0.0640625
1 0.82109375 0.36171875 0.1109375 0.0703125
1 0.325 0.06015625 0.3125 0.1203125
0 0.809375 0.6046875 0.1171875 0.05625
0 0.75703125 0.55703125 0.13125 0.0765625
1 0.58203125 0.49765625 0.1203125 0.078125
1 0.8515625 0.70546875 0.1 0.0609375
1 0.7859375 0.84140625 0.0875 0.05
1 0.50859375 0.77890625 0.103125 0.0765625
1 0.625 0.93984375 0.0828125 0.0625