1 0.26640625 0.1046875 0.025 0.0625
1 0.23515625 0.1484375 0.0390625 0.071875
1 0.16328125 0.5875 0.078125 0.2328125
1 0.353125 0.48515625 0.0921875 0.2
1 0.41953125 0.3109375 0.0546875 0.1125
1 0.40234375 0.03359375 0.01875 0.0359375
1 0.45703125 0.05078125 0.01875 0.0453125
1 0.55625 0.078125 0.03125 0.05
1 0.5421875 0.25234375 0.053125 0.109375
1 0.5703125 0.425 0.0640625 0.121875
1 0.653125 0.22734375 0.0578125 0.146875
0 0.74921875 0.11328125 0.03125 0.0828125
1 0.81171875 0.1578125 0.0359375 0.078125
1 0.78828125 0.04453125 0.028125 0.053125
1 0.85234375 0.03828125 0.034375 0.0609375
1 0.9 0.06640625 0.034375 0.0453125