1 0.8046875 0.15625 0.0359375 0.065625
1 0.82734375 0.20546875 0.0515625 0.078125
1 0.8140625 0.65 0.121875 0.24375
1 0.646875 0.51328125 0.128125 0.2140625
1 0.61484375 0.3296875 0.075 0.1203125
1 0.68515625 0.0609375 0.025 0.0390625
1 0.628125 0.0671875 0.0265625 0.0484375
1 0.525 0.075 0.040625 0.0546875
1 0.50546875 0.24921875 0.0734375 0.1171875
1 0.4453125 0.41328125 0.0859375 0.13125
1 0.4015625 0.203125 0.084375 0.1546875
0 0.32890625 0.07265625 0.046875 0.0875
1 0.259375 0.1046875 0.05 0.0828125
1 0.303125 0.01328125 0.0375 0.0265625
1 0.18984375 0.01171875 0.0421875 0.0234375