1 0.02109375 0.24765625 0.03125 0.0703125
1 0.1328125 0.10859375 0.059375 0.1265625
1 0.25859375 0.3234375 0.021875 0.0703125
0 0.371875 0.32578125 0.025 0.0578125
1 0.40703125 0.14765625 0.034375 0.0921875
1 0.51640625 0.16875 0.0265625 0.084375
1 0.50546875 0.22734375 0.028125 0.0671875
1 0.65546875 0.2265625 0.0359375 0.06875
1 0.70546875 0.234375 0.0328125 0.0703125
1 0.77109375 0.29921875 0.0171875 0.046875
1 0.8171875 0.2453125 0.0375 0.0703125
1 0.8921875 0.27109375 0.03125 0.0625
1 0.9265625 0.27265625 0.0265625 0.0671875