1 0.0953125 0.75234375 0.16875 0.321875
1 0.2625 0.615625 0.103125 0.190625
0 0.290625 0.3453125 0.0875 0.1765625
1 0.41015625 0.51328125 0.084375 0.15
1 0.54765625 0.421875 0.109375 0.215625
1 0.64375 0.42109375 0.0875 0.18125
0 0.67265625 0.12265625 0.04375 0.109375
1 0.8640625 0.2125 0.046875 0.0765625
1 0.91875 0.18203125 0.053125 0.1015625
1 0.7390625 0.31328125 0.046875 0.0875
1 0.78203125 0.41796875 0.071875 0.14375
1 0.959375 0.4390625 0.0671875 0.134375
1 0.753125 0.91328125 0.1328125 0.1703125
1 0.44140625 0.1 0.0328125 0.0546875
0 0.60703125 0.1140625 0.053125 0.1125
0 0.77734375 0.04921875 0.03125 0.046875