1 0.084375 0.425 0.16875 0.3625
1 0.2359375 0.48671875 0.16875 0.215625
0 0.36796875 0.72421875 0.15 0.196875
1 0.41171875 0.52265625 0.1359375 0.1703125
1 0.57421875 0.553125 0.184375 0.240625
1 0.66328125 0.51640625 0.1515625 0.2015625
0 0.80625 0.7796875 0.0828125 0.1171875
1 0.94765625 0.62265625 0.0734375 0.0890625
1 0.98203125 0.62890625 0.0359375 0.1140625
1 0.79296875 0.578125 0.0765625 0.0984375
1 0.79140625 0.465625 0.121875 0.1609375
1 0.94453125 0.3765625 0.1109375 0.15
1 0.57109375 0.0625 0.1890625 0.125
1 0.60234375 0.89140625 0.0515625 0.0625
0 0.74921875 0.81328125 0.0921875 0.125
0 0.93125 0.80625 0.046875 0.0546875