1 0.28515625 0.084375 0.1546875 0.16875
1 0.4015625 0.12109375 0.071875 0.084375
1 0.4328125 0.140625 0.053125 0.059375
1 0.50390625 0.1546875 0.0625 0.0734375
1 0.2875 0.28671875 0.1109375 0.1265625
1 0.32109375 0.43828125 0.1609375 0.1875
1 0.54140625 0.1921875 0.04375 0.053125
1 0.54609375 0.23203125 0.0546875 0.065625
1 0.57890625 0.31484375 0.0921875 0.1140625
1 0.6734375 0.2734375 0.0640625 0.0796875
1 0.68203125 0.525 0.140625 0.1625
1 0.66328125 0.92890625 0.2578125 0.1421875
1 0.840625 0.4359375 0.0953125 0.1078125