1 0.37734375 0.08359375 0.3578125 0.1671875
1 0.45859375 0.2390625 0.2125 0.1546875
0 0.709375 0.3453125 0.19375 0.1359375
1 0.51328125 0.41015625 0.16875 0.125
1 0.5609375 0.56875 0.2375 0.1671875
1 0.53359375 0.66015625 0.1984375 0.1359375
0 0.81015625 0.77578125 0.1171875 0.0734375
1 0.66875 0.93203125 0.0875 0.0671875
1 0.68125 0.9765625 0.1125 0.046875
1 0.60859375 0.78359375 0.096875 0.0703125
1 0.49609375 0.79375 0.1578125 0.1109375
1 0.42421875 0.95234375 0.1484375 0.0953125
1 0.065625 0.62109375 0.13125 0.1765625
1 0.9 0.5609375 0.0625 0.046875
0 0.8375 0.71484375 0.1234375 0.084375
0 0.85 0.896875 0.0546875 0.04375