1 0.29453125 0.0671875 0.1890625 0.1109375
1 0.26171875 0.1890625 0.0796875 0.0546875
1 0.2578125 0.22578125 0.0546875 0.040625
1 0.225 0.290625 0.06875 0.0484375
1 0.46328125 0.2015625 0.1171875 0.0859375
1 0.56171875 0.32109375 0.175 0.1234375
1 0.23203125 0.34296875 0.05 0.0328125
1 0.2609375 0.37109375 0.0609375 0.0421875
1 0.30546875 0.4484375 0.1109375 0.0671875
1 0.21484375 0.49765625 0.078125 0.0453125
1 0.4078125 0.659375 0.15 0.1078125
1 0.7953125 0.91875 0.26875 0.1625
1 0.23984375 0.7296875 0.1 0.0734375