1 0.109375 0.22265625 0.08125 0.178125
1 0.23515625 0.21171875 0.0421875 0.0734375
1 0.271875 0.2140625 0.0328125 0.05
1 0.34140625 0.19296875 0.0375 0.0625
1 0.2125 0.41171875 0.06875 0.10625
1 0.31328125 0.5296875 0.096875 0.1609375
1 0.3921875 0.20859375 0.025 0.046875
1 0.41484375 0.2421875 0.0328125 0.05625
1 0.4828125 0.29921875 0.05 0.103125
1 0.546875 0.21875 0.0328125 0.0734375
1 0.67265625 0.43671875 0.0859375 0.1375
1 0.88125 0.86796875 0.1625 0.24375
1 0.77109375 0.28359375 0.059375 0.090625