1 0.0625 0.75859375 0.125 0.1078125
1 0.146875 0.7421875 0.1296875 0.0859375
0 0.4375 0.88359375 0.175 0.1328125
1 0.4296875 0.72578125 0.11875 0.078125
1 0.696875 0.81171875 0.1046875 0.08125
1 0.5453125 0.95 0.115625 0.075
1 0.13203125 0.321875 0.14375 0.10625
1 0.21015625 0.39296875 0.1140625 0.0921875
1 0.58203125 0.5265625 0.1234375 0.0921875
1 0.7609375 0.59921875 0.1046875 0.084375
1 0.91171875 0.63984375 0.0875 0.075
1 0.81328125 0.42734375 0.1234375 0.0859375
1 0.553125 0.36953125 0.1140625 0.08125
1 0.840625 0.3453125 0.128125 0.090625
1 0.940625 0.29921875 0.1 0.0796875
1 0.790625 0.17578125 0.1171875 0.09375
1 0.45 0.03828125 0.115625 0.0765625