1 0.04140625 0.95234375 0.071875 0.0921875
1 0.12109375 0.85390625 0.071875 0.134375
1 0.16484375 0.7671875 0.053125 0.11875
0 0.11484375 0.44765625 0.0921875 0.1546875
1 0.26328125 0.50078125 0.0484375 0.109375
1 0.259375 0.2203125 0.05625 0.0921875
1 0.0828125 0.325 0.0453125 0.10625
1 0.021875 0.28046875 0.03125 0.0859375
1 0.5625 0.90390625 0.071875 0.128125
1 0.51796875 0.80859375 0.065625 0.0984375
1 0.4984375 0.4140625 0.0625 0.109375
1 0.48125 0.22109375 0.0609375 0.090625
1 0.48671875 0.065625 0.05625 0.075
1 0.6609375 0.221875 0.0546875 0.1125
1 0.640625 0.4875 0.053125 0.103125
1 0.74765625 0.21953125 0.059375 0.115625
1 0.82109375 0.1375 0.05625 0.0875
1 0.8953125 0.3171875 0.0671875 0.1015625
1 0.9328125 0.684375 0.0625 0.1015625