1 0.66796875 0.65703125 0.121875 0.1875
1 0.80234375 0.5578125 0.13125 0.1953125
1 0.94140625 0.453125 0.059375 0.1046875
1 0.82734375 0.25703125 0.065625 0.084375
1 0.9296875 0.21953125 0.034375 0.06875
1 0.68515625 0.36328125 0.078125 0.1109375
1 0.63046875 0.196875 0.04375 0.075
1 0.5625 0.45078125 0.071875 0.1125
1 0.3671875 0.45546875 0.071875 0.121875
1 0.5078125 0.36171875 0.059375 0.078125
1 0.25078125 0.41796875 0.0609375 0.075
1 0.1171875 0.52578125 0.071875 0.11875
1 0.05078125 0.38046875 0.0546875 0.0796875
1 0.23828125 0.22109375 0.05625 0.071875
1 0.35703125 0.16796875 0.053125 0.075
1 0.47734375 0.2171875 0.028125 0.0578125
1 0.53203125 0.25546875 0.034375 0.059375
1 0.14140625 0.171875 0.05625 0.075