1 0.68359375 0.63828125 0.20625 0.153125
1 0.609375 0.7875 0.215625 0.1625
1 0.53046875 0.94296875 0.1140625 0.0765625
1 0.3171875 0.86484375 0.09375 0.0796875
1 0.2984375 0.971875 0.0734375 0.0453125
1 0.39765625 0.70625 0.1234375 0.096875
1 0.22421875 0.68125 0.08125 0.05625
1 0.4625 0.5703125 0.1234375 0.090625
1 0.4328125 0.3765625 0.1328125 0.0921875
1 0.36484375 0.53203125 0.0875 0.071875
1 0.37578125 0.26875 0.084375 0.0734375
1 0.45859375 0.11875 0.1296875 0.090625
1 0.30390625 0.078125 0.0875 0.0671875
1 0.1796875 0.290625 0.08125 0.0671875
1 0.1484375 0.4171875 0.0828125 0.065625
1 0.2171875 0.5265625 0.0625 0.0375
1 0.26484375 0.57421875 0.0640625 0.04375
1 0.11484375 0.20390625 0.084375 0.06875