1 0.29140625 0.596875 0.21875 0.1828125
1 0.3328125 0.75859375 0.2296875 0.1953125
1 0.378125 0.9265625 0.11875 0.09375
1 0.60234375 0.89453125 0.103125 0.0921875
1 0.59921875 0.98671875 0.0765625 0.0265625
1 0.55703125 0.72265625 0.1328125 0.1140625
1 0.73203125 0.734375 0.0859375 0.06875
1 0.521875 0.5765625 0.13125 0.109375
1 0.59140625 0.39375 0.140625 0.1125
1 0.625 0.559375 0.0953125 0.084375
1 0.66953125 0.3 0.0921875 0.084375
1 0.61953125 0.13515625 0.1375 0.1109375
1 0.77890625 0.128125 0.09375 0.08125
1 0.85625 0.36171875 0.0875 0.0796875
1 0.86171875 0.4921875 0.0890625 0.078125
1 0.77109375 0.58515625 0.0640625 0.0484375
1 0.71484375 0.62109375 0.0671875 0.0546875
1 0.93828125 0.290625 0.090625 0.0796875