1 0.39765625 0.25234375 0.0703125 0.128125
1 0.5390625 0.39375 0.0578125 0.109375
1 0.28828125 0.8890625 0.13125 0.21875
1 0.53671875 0.93203125 0.121875 0.13125
1 0.8390625 0.20078125 0.0578125 0.10625
1 0.64453125 0.15234375 0.0625 0.1015625
1 0.72421875 0.1578125 0.059375 0.1296875
1 0.5125 0.25234375 0.0625 0.128125
1 0.528125 0.04609375 0.025 0.078125
1 0.40859375 0.0859375 0.0453125 0.084375
1 0.2703125 0.03203125 0.0296875 0.0640625
1 0.15859375 0.0859375 0.0453125 0.0765625
1 0.05078125 0.121875 0.05 0.06875
1 0.2046875 0.053125 0.03125 0.0640625
1 0.7875 0.0390625 0.040625 0.078125
0 0.228125 0.12109375 0.0375 0.078125