1 0.03125 0.2390625 0.0546875 0.08125
1 0.0875 0.278125 0.0328125 0.053125
1 0.240625 0.2265625 0.034375 0.0625
1 0.30625 0.22890625 0.05 0.0875
1 0.34453125 0.23984375 0.028125 0.05
1 0.39375 0.27734375 0.0375 0.05625
1 0.4671875 0.275 0.0359375 0.053125
1 0.56640625 0.2953125 0.053125 0.109375
1 0.61484375 0.21640625 0.0453125 0.065625
1 0.7140625 0.23671875 0.03125 0.053125
1 0.75234375 0.23359375 0.0421875 0.0703125
1 0.8296875 0.32734375 0.0484375 0.0703125
1 0.9046875 0.2671875 0.04375 0.0796875
1 0.4234375 0.26171875 0.0203125 0.0359375