1 0.30234375 0.31875 0.1171875 0.1453125
1 0.490625 0.3875 0.0984375 0.1234375
1 0.47265625 0.9078125 0.2109375 0.184375
1 0.715625 0.87578125 0.165625 0.1703125
1 0.68046875 0.08515625 0.096875 0.1203125
1 0.484375 0.12421875 0.1 0.11875
1 0.55859375 0.0953125 0.109375 0.1421875
1 0.40703125 0.2703125 0.1109375 0.1421875
1 0.33359375 0.0765625 0.05625 0.08125
1 0.2421875 0.16328125 0.0765625 0.0953125
1 0.09375 0.17265625 0.0546875 0.0703125
1 0.02578125 0.26796875 0.0515625 0.0890625
1 0.04375 0.21953125 0.0546875 0.071875
0 0.09375 0.271875 0.0671875 0.0859375