1 0.021875 0.48828125 0.0421875 0.078125
1 0.08671875 0.45234375 0.0453125 0.06875
1 0.19140625 0.45234375 0.046875 0.0734375
1 0.2859375 0.425 0.0421875 0.0625
1 0.34765625 0.44765625 0.046875 0.0828125
1 0.4828125 0.46640625 0.0453125 0.075
1 0.503125 0.425 0.028125 0.084375
1 0.6125 0.43828125 0.025 0.046875
1 0.69140625 0.3296875 0.05 0.09375
1 0.86953125 0.353125 0.059375 0.0875
1 0.990625 0.37734375 0.0171875 0.075
1 0.92578125 0.3734375 0.046875 0.078125
0 0.6359375 0.41875 0.03125 0.1265625
0 0.40390625 0.49140625 0.04375 0.0734375
0 0.25078125 0.45625 0.0640625 0.10625