1 0.9484375 0.33359375 0.065625 0.0875
1 0.875 0.3203125 0.065625 0.0796875
1 0.7765625 0.3546875 0.06875 0.084375
1 0.678125 0.359375 0.0609375 0.0734375
1 0.62734375 0.40078125 0.071875 0.09375
1 0.50546875 0.4625 0.0671875 0.0859375
1 0.47265625 0.43046875 0.0546875 0.0890625
1 0.3734375 0.478125 0.0390625 0.053125
1 0.26328125 0.4015625 0.078125 0.1046875
1 0.103125 0.48125 0.084375 0.1015625
1 0.0078125 0.54296875 0.015625 0.0765625
1 0.05625 0.51875 0.0703125 0.0890625
0 0.3453125 0.4671875 0.0703125 0.1296875
0 0.58828125 0.4609375 0.065625 0.084375
0 0.72109375 0.37734375 0.0953125 0.121875