1 0.0296875 0.41328125 0.053125 0.084375
1 0.09921875 0.38828125 0.05625 0.075
1 0.20234375 0.4046875 0.0578125 0.0796875
1 0.3 0.3921875 0.0515625 0.06875
1 0.3578125 0.42421875 0.059375 0.0890625
1 0.48828125 0.4640625 0.05625 0.08125
1 0.51484375 0.4265625 0.040625 0.0875
1 0.62109375 0.45625 0.03125 0.05
1 0.715625 0.36171875 0.0640625 0.1
1 0.88828125 0.4125 0.071875 0.0953125
1 0.99453125 0.45546875 0.0109375 0.0765625
1 0.940625 0.44140625 0.0578125 0.084375
0 0.646875 0.44140625 0.05 0.1296875
0 0.40625 0.4765625 0.0546875 0.0796875
0 0.2609375 0.41796875 0.0796875 0.115625