1 0.28984375 0.01875 0.0859375 0.0375
1 0.32265625 0.06640625 0.05625 0.0375
1 0.25546875 0.21328125 0.065625 0.040625
1 0.25078125 0.27890625 0.0921875 0.059375
1 0.2578125 0.31796875 0.053125 0.0328125
1 0.28984375 0.37109375 0.059375 0.04375
1 0.2796875 0.44375 0.05625 0.040625
1 0.28984375 0.54453125 0.1140625 0.0640625
1 0.20625 0.584375 0.0703125 0.0515625
1 0.215625 0.68515625 0.05625 0.0359375
1 0.20859375 0.7234375 0.075 0.05
1 0.29375 0.81015625 0.075 0.05625
1 0.22578125 0.878125 0.084375 0.0515625
1 0.27109375 0.39921875 0.0375 0.0234375