1 0.80078125 0.05546875 0.0859375 0.0609375
1 0.75703125 0.10859375 0.05625 0.0375
1 0.7953125 0.265625 0.065625 0.0390625
1 0.78671875 0.33046875 0.0921875 0.0578125
1 0.77265625 0.36796875 0.0515625 0.0328125
1 0.73125 0.41328125 0.059375 0.0421875
1 0.72734375 0.48671875 0.05625 0.040625
1 0.6984375 0.584375 0.1140625 0.0625
1 0.77265625 0.6390625 0.06875 0.0515625
1 0.74375 0.7359375 0.05625 0.0359375
1 0.74375 0.77421875 0.0734375 0.0484375
1 0.64296875 0.84375 0.075 0.0546875
1 0.696875 0.9234375 0.0828125 0.05
1 0.74375 0.44453125 0.0375 0.0234375