1 0.68125 0.30234375 0.109375 0.14375
1 0.5 0.38671875 0.0921875 0.121875
1 0.56484375 0.90625 0.1984375 0.1875
1 0.31796875 0.89375 0.159375 0.165625
1 0.28359375 0.103125 0.090625 0.1203125
1 0.4828125 0.12421875 0.09375 0.1171875
1 0.40625 0.1015625 0.1 0.1421875
1 0.57265625 0.26328125 0.103125 0.1421875
1 0.62890625 0.0640625 0.05 0.08125
1 0.72734375 0.1421875 0.071875 0.0953125
1 0.87578125 0.1390625 0.05 0.0703125
1 0.9625 0.22734375 0.06875 0.0875
1 0.93046875 0.18125 0.0515625 0.0703125
0 0.88515625 0.23671875 0.0625 0.0859375