1 0.0453125 0.59140625 0.084375 0.121875
1 0.08515625 0.4265625 0.0390625 0.059375
1 0.12109375 0.39375 0.025 0.04375
1 0.1703125 0.3484375 0.0234375 0.03125
1 0.021875 0.3609375 0.021875 0.0265625
1 0.196875 0.4296875 0.0375 0.04375
1 0.234375 0.36015625 0.028125 0.0375
1 0.2859375 0.528125 0.1140625 0.1625
1 0.290625 0.35390625 0.025 0.028125
1 0.3765625 0.3671875 0.015625 0.021875
1 0.4 0.38984375 0.0265625 0.0328125
1 0.4421875 0.4546875 0.04375 0.059375
1 0.54140625 0.44453125 0.0625 0.0875
1 0.5078125 0.4 0.021875 0.0453125
1 0.4453125 0.38125 0.01875 0.021875
1 0.58359375 0.3515625 0.028125 0.028125
1 0.70078125 0.39375 0.025 0.028125
1 0.69921875 0.3453125 0.015625 0.021875
1 0.746875 0.440625 0.025 0.03125
1 0.72734375 0.3625 0.0171875 0.015625
1 0.775 0.3984375 0.021875 0.028125
1 0.825 0.446875 0.05 0.0625
1 0.890625 0.40078125 0.0234375 0.0328125
1 0.98828125 0.4609375 0.021875 0.06875
1 0.96015625 0.38671875 0.03125 0.034375
0 0.54296875 0.34921875 0.0125 0.0203125