1 0.8 0.853125 0.146875 0.1328125
1 0.63671875 0.8984375 0.0703125 0.0625
1 0.590625 0.8828125 0.05 0.04375
1 0.52734375 0.86171875 0.0390625 0.0359375
1 0.609375 0.98515625 0.034375 0.0296875
1 0.58515625 0.79921875 0.05625 0.0546875
1 0.50625 0.8 0.046875 0.0421875
1 0.628125 0.6734375 0.196875 0.178125
1 0.4734375 0.75390625 0.0375 0.0359375
1 0.44375 0.67265625 0.0265625 0.025
1 0.45234375 0.640625 0.0421875 0.0390625
1 0.48828125 0.57265625 0.0734375 0.0671875
1 0.43125 0.490625 0.10625 0.096875
1 0.40859375 0.54140625 0.05 0.040625
1 0.42265625 0.60546875 0.028125 0.0265625
1 0.3296875 0.49921875 0.0375 0.0375
1 0.309375 0.37578125 0.0375 0.0359375
1 0.26796875 0.40078125 0.0265625 0.025
1 0.328125 0.3125 0.0390625 0.0375
1 0.26953125 0.36796875 0.021875 0.021875
1 0.278125 0.30859375 0.0359375 0.0328125
1 0.29609375 0.24140625 0.078125 0.0734375
1 0.22421875 0.20625 0.040625 0.0359375
1 0.22890625 0.0921875 0.0703125 0.053125
1 0.178125 0.15234375 0.0453125 0.04375
0 0.34765625 0.53515625 0.0234375 0.0203125