1 0.43203125 0.04296875 0.1265625 0.0859375
1 0.5953125 0.08984375 0.0609375 0.0421875
1 0.62578125 0.12734375 0.0453125 0.0265625
1 0.66875 0.17890625 0.0328125 0.025
1 0.6640625 0.0296875 0.028125 0.0234375
1 0.5859375 0.20078125 0.0453125 0.0390625
1 0.65390625 0.2421875 0.0390625 0.0296875
1 0.4828125 0.284375 0.16875 0.121875
1 0.65703125 0.2984375 0.0296875 0.0265625
1 0.6390625 0.38359375 0.0234375 0.0171875
1 0.615625 0.40625 0.034375 0.028125
1 0.5484375 0.44453125 0.0609375 0.046875
1 0.553125 0.54453125 0.090625 0.0671875
1 0.59921875 0.51328125 0.046875 0.0234375
1 0.62109375 0.4515625 0.0234375 0.0203125
1 0.64375 0.59140625 0.0296875 0.0296875
1 0.5953125 0.70625 0.0296875 0.0265625
1 0.64375 0.70703125 0.0234375 0.0171875
1 0.54609375 0.75 0.0328125 0.0265625
1 0.62578125 0.734375 0.0171875 0.01875
1 0.58671875 0.7796875 0.0296875 0.0234375
1 0.5359375 0.82734375 0.065625 0.053125
1 0.57890625 0.8953125 0.034375 0.025
1 0.51328125 0.98828125 0.0703125 0.0234375
1 0.5890625 0.965625 0.0359375 0.0328125
0 0.6484375 0.55078125 0.0203125 0.0140625