1 0.5359375 0.4234375 0.040625 0.05
1 0.78203125 0.48359375 0.0359375 0.04375
0 0.87578125 0.49140625 0.040625 0.046875
1 0.7171875 0.434375 0.0390625 0.0640625
0 0.65625 0.4109375 0.034375 0.040625
0 0.46953125 0.415625 0.034375 0.0484375
0 0.36640625 0.4078125 0.040625 0.0484375
0 0.4421875 0.3953125 0.03125 0.040625
1 0.19921875 0.38984375 0.040625 0.0765625
0 0.28203125 0.40234375 0.034375 0.0515625
0 0.24921875 0.5578125 0.03125 0.0453125
0 0.615625 0.42890625 0.040625 0.0484375
1 0.0703125 0.4390625 0.021875 0.028125