1 0.44921875 0.4328125 0.05 0.0578125
1 0.22109375 0.54296875 0.04375 0.05
0 0.13046875 0.56953125 0.05 0.0546875
1 0.27421875 0.48125 0.0515625 0.0703125
0 0.32890625 0.4453125 0.0421875 0.046875
0 0.5125 0.4109375 0.04375 0.0546875
0 0.61171875 0.38203125 0.05 0.05625
0 0.53515625 0.3859375 0.0390625 0.046875
1 0.77109375 0.3296875 0.05625 0.0828125
0 0.69296875 0.359375 0.04375 0.0578125
0 0.75703125 0.5046875 0.040625 0.0515625
0 0.371875 0.4546875 0.05 0.05625
1 0.9078125 0.35078125 0.0265625 0.0328125