1 0.584375 0.5015625 0.0625 0.0578125
1 0.63828125 0.25390625 0.0546875 0.0515625
0 0.67265625 0.16640625 0.059375 0.0578125
1 0.65390625 0.33359375 0.075 0.0625
0 0.6484375 0.3984375 0.0515625 0.0484375
0 0.5625 0.5640625 0.059375 0.0515625
0 0.52421875 0.66015625 0.0609375 0.0578125
0 0.56875 0.59765625 0.05 0.0453125
1 0.4671875 0.81875 0.0859375 0.0703125
0 0.4921875 0.7390625 0.0609375 0.053125
0 0.33828125 0.7 0.0546875 0.0484375
0 0.61484375 0.42734375 0.0609375 0.0578125
1 0.36640625 0.91328125 0.034375 0.03125