1 0.09765625 0.20390625 0.0625 0.103125
1 0.29609375 0.2375 0.053125 0.1
1 0.39296875 0.27734375 0.0515625 0.0984375
1 0.47421875 0.21171875 0.0625 0.10625
1 0.61484375 0.2625 0.0359375 0.0953125
1 0.59453125 0.196875 0.025 0.0828125
1 0.7234375 0.2328125 0.05 0.0890625
1 0.91484375 0.290625 0.059375 0.09375
1 0.1578125 0.140625 0.028125 0.0796875
1 0.35078125 0.16171875 0.03125 0.0671875
1 0.67890625 0.14765625 0.034375 0.0953125
1 0.7625 0.10546875 0.0390625 0.065625
0 0.64765625 0.12578125 0.0203125 0.05
1 0.525 0.078125 0.0296875 0.0734375