1 0.946875 0.29140625 0.10625 0.1046875
1 0.828125 0.44921875 0.1125 0.0953125
1 0.746875 0.5140625 0.1109375 0.0921875
1 0.76484375 0.6171875 0.1234375 0.10625
1 0.65234375 0.715625 0.1015625 0.078125
1 0.71953125 0.7296875 0.084375 0.0625
1 0.625 0.825 0.1015625 0.0875
1 0.48203125 0.9578125 0.1109375 0.084375
1 0.96953125 0.375 0.0609375 0.0625
1 0.86796875 0.53359375 0.0734375 0.059375
1 0.72109375 0.82734375 0.1 0.0765625
1 0.71796875 0.92109375 0.0765625 0.065625
0 0.75546875 0.8109375 0.053125 0.0421875
1 0.85703125 0.7265625 0.078125 0.0609375