1 0.70859375 0.946875 0.1046875 0.10625
1 0.55078125 0.828125 0.0953125 0.1125
1 0.4859375 0.746875 0.0921875 0.1109375
1 0.3828125 0.76484375 0.10625 0.1234375
1 0.284375 0.65234375 0.078125 0.1015625
1 0.2703125 0.71953125 0.0625 0.084375
1 0.175 0.625 0.0875 0.1015625
1 0.0421875 0.48203125 0.084375 0.1109375
1 0.625 0.96953125 0.0625 0.0609375
1 0.46640625 0.86796875 0.059375 0.0734375
1 0.17265625 0.72109375 0.0765625 0.1
1 0.07890625 0.71796875 0.065625 0.0765625
0 0.1890625 0.75546875 0.0421875 0.053125
1 0.2734375 0.85703125 0.0609375 0.078125