1 0.26484375 0.77890625 0.0578125 0.071875
1 0.38046875 0.75078125 0.0609375 0.0765625
1 0.48359375 0.696875 0.0734375 0.0890625
1 0.17109375 0.81875 0.0359375 0.053125
1 0.39140625 0.81484375 0.04375 0.05625
1 0.321875 0.825 0.0296875 0.04375
1 0.46953125 0.7578125 0.065625 0.0859375
1 0.90234375 0.61328125 0.0609375 0.0765625
1 0.76171875 0.69609375 0.059375 0.0734375
1 0.66015625 0.71171875 0.0578125 0.075
0 0.8140625 0.659375 0.05625 0.090625
1 0.95625 0.66640625 0.040625 0.05625
1 0.15859375 0.76875 0.0328125 0.059375