1 0.20078125 0.29140625 0.04375 0.0625
1 0.31953125 0.2890625 0.0453125 0.0671875
1 0.4328125 0.3140625 0.05625 0.0765625
1 0.1 0.27734375 0.025 0.0484375
1 0.31328125 0.22421875 0.03125 0.05
1 0.24375 0.23203125 0.0203125 0.0390625
1 0.40390625 0.25859375 0.046875 0.0765625
1 0.859375 0.28671875 0.0453125 0.0671875
1 0.70234375 0.24296875 0.04375 0.0640625
1 0.6 0.25390625 0.0421875 0.065625
0 0.7625 0.26484375 0.0359375 0.084375
1 0.89765625 0.22109375 0.028125 0.05
1 0.10078125 0.32890625 0.01875 0.05625