1 0.2015625 0.28984375 0.0734375 0.0625
1 0.23984375 0.40234375 0.078125 0.065625
1 0.30234375 0.50078125 0.090625 0.0796875
1 0.15390625 0.2 0.0546875 0.040625
1 0.17734375 0.41875 0.0578125 0.046875
1 0.1609375 0.35078125 0.04375 0.0328125
1 0.240625 0.4921875 0.0875 0.0703125
1 0.42265625 0.9109375 0.078125 0.065625
1 0.32734375 0.778125 0.075 0.0625
1 0.303125 0.678125 0.0765625 0.0625
0 0.36875 0.82734375 0.0921875 0.0625
1 0.37421875 0.96875 0.05625 0.04375
1 0.20234375 0.18359375 0.059375 0.0375