1 0.57265625 0.42578125 0.2640625 0.1328125
1 0.609375 0.13359375 0.2328125 0.134375
1 0.33671875 0.0921875 0.1546875 0.11875
1 0.1328125 0.0734375 0.1640625 0.0890625
1 0.12265625 0.23046875 0.1078125 0.0640625
1 0.253125 0.2703125 0.1046875 0.0640625
1 0.1734375 0.5921875 0.2203125 0.0875
1 0.125 0.509375 0.1078125 0.0546875
1 0.1421875 0.675 0.153125 0.075
1 0.265625 0.734375 0.2140625 0.0859375
1 0.25625 0.92890625 0.1578125 0.084375
1 0.53203125 0.8828125 0.3625 0.14375
1 0.32578125 0.17265625 0.1484375 0.05