1 0.43203125 0.42109375 0.1546875 0.275
1 0.14453125 0.35859375 0.153125 0.24375
1 0.0796875 0.62734375 0.13125 0.1640625
1 0.046875 0.82734375 0.09375 0.1703125
1 0.1984375 0.85234375 0.0734375 0.1125
1 0.25 0.72578125 0.0734375 0.109375
1 0.56328125 0.83359375 0.10625 0.2265625
1 0.4765625 0.87421875 0.0640625 0.1109375
1 0.64296875 0.871875 0.0875 0.1578125
1 0.7125 0.75390625 0.1046875 0.2203125
1 0.90546875 0.7796875 0.096875 0.1640625
1 0.884375 0.50078125 0.175 0.371875
1 0.15859375 0.64453125 0.0625 0.1515625