1 0.57578125 0.57109375 0.128125 0.2625
1 0.86796875 0.603125 0.1296875 0.23125
1 0.9046875 0.3296875 0.115625 0.153125
1 0.9203125 0.12578125 0.0859375 0.1625
1 0.76328125 0.11796875 0.0625 0.10625
1 0.725 0.24921875 0.0625 0.103125
1 0.40234375 0.175 0.084375 0.21875
1 0.484375 0.125 0.053125 0.10625
1 0.31875 0.1453125 0.071875 0.1515625
1 0.26171875 0.26953125 0.0828125 0.2125
1 0.0671875 0.2640625 0.08125 0.15625
1 0.11796875 0.5390625 0.1375 0.359375
1 0.82421875 0.3203125 0.046875 0.146875