1 0.8203125 0.89453125 0.071875 0.09375
1 0.73828125 0.878125 0.0828125 0.1
1 0.7703125 0.5078125 0.0609375 0.071875
1 0.64375 0.64765625 0.071875 0.0875
1 0.5703125 0.69296875 0.0609375 0.071875
1 0.5296875 0.6203125 0.0671875 0.0765625
1 0.48671875 0.59921875 0.05625 0.0671875
1 0.38046875 0.575 0.059375 0.0734375
1 0.328125 0.53203125 0.0609375 0.0734375
1 0.2234375 0.546875 0.059375 0.071875
0 0.67109375 0.77578125 0.0703125 0.0859375
0 0.59609375 0.71875 0.0484375 0.05625
0 0.4203125 0.58359375 0.059375 0.075
0 0.5328125 0.66640625 0.0640625 0.078125