1 0.03203125 0.30234375 0.034375 0.0875
1 0.1125 0.278125 0.046875 0.0890625
1 0.2578125 0.61953125 0.0359375 0.0625
1 0.30390625 0.43671875 0.0390625 0.078125
1 0.34765625 0.3625 0.0359375 0.0625
1 0.4171875 0.4078125 0.0421875 0.0640625
1 0.465625 0.40625 0.0328125 0.0578125
1 0.5703125 0.37734375 0.0328125 0.065625
1 0.63671875 0.39140625 0.034375 0.065625
1 0.721875 0.32890625 0.034375 0.0625
0 0.21953125 0.33671875 0.0375 0.078125
0 0.3125 0.35234375 0.0296875 0.0484375
0 0.53125 0.38828125 0.03125 0.06875
0 0.39296875 0.36875 0.0359375 0.06875