1 0.8765625 0.840625 0.09375 0.06875
1 0.86484375 0.7578125 0.1 0.0796875
1 0.49375 0.7703125 0.071875 0.059375
1 0.63984375 0.65078125 0.0875 0.06875
1 0.6890625 0.5796875 0.071875 0.059375
1 0.61875 0.5359375 0.0765625 0.065625
1 0.59921875 0.49140625 0.065625 0.0546875
1 0.58125 0.384375 0.0734375 0.0578125
1 0.540625 0.33046875 0.0734375 0.059375
1 0.5609375 0.2265625 0.071875 0.0578125
0 0.76640625 0.68515625 0.0859375 0.0671875
0 0.71328125 0.6078125 0.05625 0.046875
0 0.58828125 0.42421875 0.075 0.0578125
0 0.6640625 0.54140625 0.078125 0.0609375