1 0.284375 0.20234375 0.15625 0.103125
0 0.48828125 0.16484375 0.11875 0.0828125
0 0.43984375 0.55078125 0.11875 0.0828125
1 0.30390625 0.47265625 0.1484375 0.1078125
1 0.46796875 0.040625 0.0890625 0.0625
1 0.36015625 0.80859375 0.153125 0.0890625
1 0.478125 0.9234375 0.0953125 0.059375
1 0.40859375 0.73046875 0.1015625 0.0484375
1 0.4625 0.646875 0.0796875 0.0546875
1 0.50546875 0.609375 0.1125 0.059375
1 0.5140625 0.4828125 0.0953125 0.0625
1 0.51640625 0.434375 0.071875 0.04375
1 0.6109375 0.38984375 0.0578125 0.03125
1 0.65 0.27890625 0.0578125 0.0421875
0 0.50078125 0.7015625 0.0734375 0.04375
1 0.575 0.88203125 0.0546875 0.0359375
1 0.60859375 0.63046875 0.0703125 0.0484375
0 0.6609375 0.5328125 0.0515625 0.034375
1 0.684375 0.490625 0.034375 0.015625
1 0.69453125 0.36484375 0.034375 0.01875
1 0.6625 0.58203125 0.0375 0.0234375
1 0.69375 0.75390625 0.028125 0.0203125
1 0.63515625 0.3203125 0.0484375 0.0375
1 0.575 0.42421875 0.0546875 0.0328125
1 0.7 0.09296875 0.040625 0.0234375
1 0.7109375 0.04921875 0.0421875 0.0234375
1 0.6609375 0.22421875 0.0328125 0.0203125
1 0.71328125 0.0703125 0.034375 0.0203125