1 0.56953125 0.8609375 0.18125 0.1578125
0 0.36875 0.80859375 0.1390625 0.121875
0 0.5765625 0.47890625 0.1390625 0.121875
1 0.66640625 0.6078125 0.1765625 0.1578125
1 0.334375 0.9296875 0.1046875 0.0921875
1 0.75703125 0.2796875 0.171875 0.14375
1 0.69921875 0.125 0.109375 0.0921875
1 0.68046875 0.3296875 0.109375 0.0859375
1 0.59609375 0.38203125 0.09375 0.08125
1 0.54140625 0.3984375 0.125 0.1
1 0.4796875 0.51015625 0.1109375 0.0953125
1 0.45703125 0.553125 0.08125 0.06875
1 0.353125 0.553125 0.0640625 0.0515625
1 0.2703125 0.6375 0.06875 0.0625
0 0.584375 0.3171875 0.0828125 0.06875
1 0.59375 0.12265625 0.0625 0.0546875
1 0.45625 0.3359375 0.08125 0.071875
0 0.36796875 0.40234375 0.059375 0.0515625
1 0.3296875 0.43046875 0.0375 0.028125
1 0.26640625 0.540625 0.0390625 0.03125
1 0.3875 0.35625 0.04375 0.0359375
1 0.43203125 0.18828125 0.0328125 0.0296875
1 0.3015625 0.60546875 0.0578125 0.053125
1 0.4 0.53671875 0.0609375 0.0515625
1 0.14609375 0.784375 0.046875 0.0375
1 0.11796875 0.81953125 0.046875 0.0390625
1 0.2375 0.68203125 0.0375 0.03125
1 0.125 0.79921875 0.0390625 0.0328125