1 0.78984375 0.72578125 0.0984375 0.153125
0 0.834375 0.5234375 0.078125 0.115625
0 0.446875 0.55859375 0.078125 0.115625
1 0.5203125 0.696875 0.103125 0.1453125
1 0.9578125 0.54765625 0.059375 0.0875
1 0.18671875 0.62890625 0.084375 0.15
1 0.07578125 0.50703125 0.05625 0.09375
1 0.26640625 0.58359375 0.0453125 0.1
1 0.3515625 0.53203125 0.0515625 0.078125
1 0.390625 0.490625 0.05625 0.1109375
1 0.51796875 0.48671875 0.059375 0.09375
1 0.56640625 0.4859375 0.040625 0.0703125
1 0.6140625 0.39296875 0.0296875 0.05625
1 0.7265625 0.3578125 0.040625 0.05625
0 0.2984375 0.4921875 0.040625 0.071875
1 0.12109375 0.41171875 0.034375 0.053125
1 0.3734375 0.38671875 0.0453125 0.06875
0 0.47265625 0.33828125 0.0328125 0.05
1 0.515625 0.31640625 0.0140625 0.034375
1 0.6421875 0.31015625 0.0171875 0.034375
1 0.4234375 0.334375 0.021875 0.0375
1 0.253125 0.29765625 0.01875 0.028125
1 0.684375 0.37109375 0.0359375 0.046875
1 0.578125 0.42734375 0.03125 0.053125
1 0.9140625 0.3140625 0.021875 0.040625
1 0.9578125 0.3046875 0.021875 0.0421875
1 0.78125 0.3484375 0.01875 0.0328125
1 0.93671875 0.3015625 0.01875 0.034375