1 0.20234375 0.18046875 0.1796875 0.1484375
1 0.35703125 0.3359375 0.175 0.1328125
1 0.44453125 0.30859375 0.1203125 0.0890625
1 0.53515625 0.053125 0.1359375 0.10625
1 0.378125 0.415625 0.1171875 0.096875
1 0.60703125 0.39296875 0.084375 0.06875
1 0.709375 0.30546875 0.090625 0.0734375
1 0.6109375 0.58203125 0.084375 0.06875
1 0.43359375 0.6296875 0.09375 0.084375
1 0.3875 0.78828125 0.1203125 0.0984375
1 0.43046875 0.7515625 0.0875 0.071875
1 0.178125 0.76640625 0.1234375 0.1
1 0.33203125 0.92421875 0.1359375 0.109375
1 0.35390625 0.871875 0.1171875 0.0953125
1 0.58046875 0.6765625 0.0953125 0.075
1 0.66171875 0.76875 0.0984375 0.078125
1 0.70703125 0.48984375 0.09375 0.078125
1 0.80625 0.36953125 0.1 0.0828125
1 0.7578125 0.41640625 0.0765625 0.0671875
1 0.76328125 0.63359375 0.06875 0.05625
0 0.11875 0.38046875 0.1796875 0.1515625
0 0.346875 0.52421875 0.15 0.11875
0 0.5265625 0.80234375 0.0796875 0.059375
0 0.6296875 0.8671875 0.065625 0.0515625
0 0.46796875 0.890625 0.06875 0.05625
1 0.50078125 0.1796875 0.1546875 0.1328125
0 0.73984375 0.4515625 0.096875 0.0703125