1 0.5375 0.9234375 0.115625 0.153125
1 0.5265625 0.71640625 0.096875 0.175
1 0.60546875 0.66953125 0.0625 0.121875
1 0.85703125 0.77421875 0.0859375 0.1328125
1 0.48125 0.646875 0.075 0.1140625
1 0.65078125 0.4921875 0.053125 0.08125
1 0.78515625 0.47421875 0.0546875 0.0890625
1 0.51328125 0.3625 0.053125 0.08125
1 0.35859375 0.4625 0.06875 0.0875
1 0.2109375 0.390625 0.075 0.11875
1 0.26640625 0.38359375 0.05625 0.084375
1 0.08671875 0.5609375 0.075 0.121875
1 0.07265625 0.34140625 0.0828125 0.134375
1 0.12578125 0.36015625 0.0734375 0.1140625
1 0.42265625 0.321875 0.05625 0.09375
1 0.40859375 0.2 0.0578125 0.096875
1 0.64609375 0.353125 0.0609375 0.090625
1 0.8015625 0.359375 0.065625 0.0953125
1 0.73515625 0.3640625 0.0546875 0.0734375
1 0.57734375 0.21484375 0.04375 0.065625
0 0.33359375 0.86328125 0.1203125 0.171875
0 0.3796875 0.59765625 0.0890625 0.1484375
0 0.29296875 0.278125 0.0421875 0.08125
0 0.31328125 0.1578125 0.0375 0.065625
0 0.18828125 0.2625 0.04375 0.065625
1 0.73828125 0.7140625 0.10625 0.146875
0 0.696875 0.35390625 0.0484375 0.0984375