1 0.63515625 0.91484375 0.08125 0.1609375
1 0.57421875 0.7046875 0.0609375 0.165625
1 0.640625 0.64140625 0.0375 0.1171875
1 0.909375 0.68671875 0.059375 0.121875
1 0.51484375 0.64765625 0.053125 0.1046875
1 0.6453125 0.45859375 0.0375 0.075
1 0.771875 0.4109375 0.0375 0.0828125
1 0.48203125 0.36328125 0.0375 0.075
1 0.35390625 0.4953125 0.053125 0.078125
1 0.19375 0.45859375 0.0515625 0.109375
1 0.24609375 0.4390625 0.0390625 0.078125
1 0.1109375 0.65234375 0.0515625 0.1125
1 0.04765625 0.44140625 0.05625 0.125
1 0.10390625 0.44765625 0.0515625 0.1046875
1 0.384375 0.34375 0.0375 0.0875
1 0.34375 0.228125 0.0390625 0.090625
1 0.609375 0.32421875 0.04375 0.0828125
1 0.7625 0.2953125 0.046875 0.0875
1 0.6984375 0.31484375 0.040625 0.065625
1 0.5109375 0.2046875 0.03125 0.0609375
0 0.41953125 0.89140625 0.0875 0.15625
0 0.4046875 0.621875 0.059375 0.1390625
0 0.2484375 0.33046875 0.025 0.078125
0 0.24140625 0.20859375 0.025 0.0609375
0 0.14296875 0.3390625 0.03125 0.0609375
1 0.78046875 0.6546875 0.078125 0.1328125
0 0.65859375 0.31328125 0.028125 0.0953125