1 0.384375 0.465625 0.05625 0.11875
1 0.38125 0.259375 0.078125 0.071875
1 0.6453125 0.6734375 0.0609375 0.15625
1 0.578125 0.5296875 0.0390625 0.13125
1 0.69453125 0.2609375 0.025 0.046875
0 0.2640625 0.23984375 0.03125 0.05625
0 0.08359375 0.23671875 0.0203125 0.0375
0 0.5078125 0.21640625 0.028125 0.05625
0 0.753125 0.19765625 0.01875 0.05625
0 0.5765625 0.39609375 0.0375 0.0625
1 0.89140625 0.340625 0.025 0.040625
0 0.9328125 0.36796875 0.0375 0.06875
0 0.93828125 0.4921875 0.028125 0.1
0 0.96484375 0.36015625 0.03125 0.05