1 0.503125 0.3796875 0.1296875 0.084375
1 0.7015625 0.32265625 0.0890625 0.09375
1 0.3703125 0.68515625 0.1671875 0.1
1 0.49140625 0.5828125 0.1375 0.071875
1 0.78125 0.62578125 0.0515625 0.0359375
0 0.68984375 0.2046875 0.0625 0.0453125
0 0.646875 0.0296875 0.0421875 0.0296875
0 0.77578125 0.434375 0.0609375 0.0421875
0 0.8578125 0.66640625 0.059375 0.0328125
0 0.6203125 0.546875 0.0703125 0.053125
1 0.75546875 0.83671875 0.0453125 0.034375
0 0.73984375 0.88359375 0.0765625 0.0546875
0 0.62109375 0.92109375 0.103125 0.053125
0 0.75546875 0.9125 0.05625 0.04375