1 0.496875 0.6203125 0.1296875 0.084375
1 0.2984375 0.67734375 0.0890625 0.09375
1 0.6296875 0.31484375 0.1671875 0.1
1 0.50859375 0.4171875 0.1375 0.071875
1 0.21875 0.37421875 0.0515625 0.0359375
0 0.31015625 0.7953125 0.0625 0.0453125
0 0.353125 0.9703125 0.0421875 0.0296875
0 0.22421875 0.565625 0.0609375 0.0421875
0 0.1421875 0.33359375 0.059375 0.0328125
0 0.3796875 0.453125 0.0703125 0.053125
1 0.24453125 0.16328125 0.0453125 0.034375
0 0.26015625 0.11640625 0.0765625 0.0546875
0 0.37890625 0.07890625 0.103125 0.053125
0 0.24453125 0.0875 0.05625 0.04375