1 0.0171875 0.515625 0.025 0.04375
1 0.07578125 0.80390625 0.021875 0.0359375
1 0.07421875 0.49375 0.0265625 0.0421875
1 0.13828125 0.50546875 0.025 0.053125
0 0.11875 0.63125 0.025 0.05
0 0.165625 0.7140625 0.021875 0.04375
1 0.134375 0.37421875 0.025 0.046875
1 0.184375 0.384375 0.0125 0.046875
0 0.14609375 0.27109375 0.021875 0.040625
1 0.09140625 0.15390625 0.01875 0.0390625
1 0.2734375 0.68828125 0.0296875 0.0578125
1 0.3390625 0.89765625 0.03125 0.0609375
1 0.303125 0.6234375 0.025 0.0546875
0 0.2984375 0.4828125 0.01875 0.0390625
1 0.27578125 0.41484375 0.021875 0.0453125
1 0.37265625 0.490625 0.0203125 0.046875
1 0.39296875 0.70078125 0.028125 0.0546875
1 0.42890625 0.8140625 0.028125 0.059375
1 0.39765625 0.8015625 0.03125 0.0609375
1 0.48203125 0.91796875 0.01875 0.0453125
1 0.4921875 0.6578125 0.0296875 0.05625
1 0.475 0.6046875 0.0328125 0.0359375
1 0.4515625 0.4546875 0.0265625 0.046875
1 0.36015625 0.37421875 0.0265625 0.04375
1 0.23203125 0.2609375 0.021875 0.0359375
0 0.22109375 0.22109375 0.0203125 0.0421875
0 0.278125 0.27109375 0.0234375 0.04375
0 0.3140625 0.2453125 0.0203125 0.0390625
1 0.3828125 0.275 0.0234375 0.04375
1 0.36171875 0.20703125 0.0234375 0.04375
1 0.2765625 0.08359375 0.0171875 0.0359375
1 0.3140625 0.0515625 0.015625 0.034375
1 0.33984375 0.165625 0.0203125 0.03125
1 0.415625 0.16015625 0.0203125 0.034375
1 0.2546875 0.20625 0.01875 0.034375
1 0.4390625 0.3765625 0.025 0.0390625
1 0.47421875 0.31875 0.021875 0.046875
1 0.50703125 0.36796875 0.021875 0.0453125
1 0.51875 0.48359375 0.0203125 0.040625
1 0.63203125 0.878125 0.03125 0.05625
1 0.6765625 0.9671875 0.0359375 0.059375
1 0.6234375 0.571875 0.0265625 0.0421875
1 0.63125 0.40625 0.025 0.0390625
1 0.5625 0.38359375 0.025 0.046875
1 0.58125 0.346875 0.0203125 0.034375
1 0.58671875 0.2828125 0.0203125 0.0359375
1 0.5296875 0.20625 0.0203125 0.0328125
1 0.33046875 0.01640625 0.0140625 0.0296875
0 0.4203125 0.04765625 0.0140625 0.0296875
1 0.45078125 0.03203125 0.01875 0.0390625
1 0.51875 0.0765625 0.015625 0.0359375
1 0.5640625 0.03125 0.015625 0.03125
1 0.65234375 0.1390625 0.0203125 0.0375
0 0.67421875 0.11328125 0.0171875 0.0296875
1 0.66328125 0.28203125 0.01875 0.03125
1 0.7 0.39375 0.0203125 0.0390625
1 0.73125 0.6140625 0.0296875 0.0515625
1 0.72734375 0.446875 0.0234375 0.0453125
1 0.75078125 0.49375 0.0265625 0.0453125
1 0.7640625 0.41796875 0.0234375 0.0453125
1 0.76015625 0.58671875 0.021875 0.046875
1 0.7078125 0.0734375 0.0140625 0.03125
1 0.66953125 0.015625 0.0171875 0.03125
1 0.734375 0.01640625 0.0109375 0.0328125
1 0.76953125 0.0359375 0.0140625 0.0328125
0 0.7703125 0.078125 0.015625 0.03125
0 0.74296875 0.1578125 0.015625 0.0328125
1 0.81015625 0.20625 0.0203125 0.040625
1 0.86484375 0.1140625 0.0203125 0.03125
0 0.87578125 0.01484375 0.0140625 0.0296875
1 0.91015625 0.1109375 0.01875 0.0328125
1 0.8953125 0.18359375 0.0203125 0.0375
1 0.88984375 0.2609375 0.021875 0.040625
1 0.85703125 0.29140625 0.0203125 0.0390625
1 0.9109375 0.31171875 0.021875 0.0421875
1 0.9515625 0.25 0.0140625 0.028125
1 0.9234375 0.37890625 0.0234375 0.0453125
1 0.95546875 0.4578125 0.0265625 0.040625
1 0.9671875 0.309375 0.0203125 0.0453125
1 0.8578125 0.078125 0.0140625 0.028125
1 0.98828125 0.67890625 0.021875 0.0546875
1 0.9875 0.5859375 0.0234375 0.046875
1 0.93984375 0.5109375 0.021875 0.0359375