1 0.6078125 0.97109375 0.0484375 0.0328125
1 0.87890625 0.85859375 0.0390625 0.028125
1 0.575 0.91953125 0.046875 0.034375
1 0.57421875 0.85390625 0.05625 0.034375
0 0.7015625 0.84921875 0.053125 0.034375
0 0.77421875 0.7875 0.046875 0.0296875
1 0.44609375 0.8828125 0.0515625 0.0328125
1 0.446875 0.83203125 0.0484375 0.021875
0 0.34296875 0.89140625 0.04375 0.0296875
1 0.23828125 0.9671875 0.0421875 0.0265625
1 0.728125 0.68671875 0.0625 0.040625
1 0.92109375 0.58203125 0.065625 0.0421875
1 0.65859375 0.66953125 0.0578125 0.034375
0 0.521875 0.70078125 0.0421875 0.0265625
1 0.459375 0.73671875 0.0484375 0.0296875
1 0.51484375 0.6265625 0.05 0.028125
1 0.7171875 0.56640625 0.059375 0.0375
1 0.821875 0.51015625 0.0640625 0.0390625
1 0.815625 0.54296875 0.065625 0.0421875
1 0.9140625 0.4375 0.0484375 0.0265625
1 0.65625 0.47734375 0.0609375 0.040625
1 0.6078125 0.5046875 0.0421875 0.0390625
1 0.46484375 0.55625 0.0515625 0.034375
1 0.403125 0.6609375 0.0484375 0.034375
1 0.31640625 0.80859375 0.0390625 0.028125
0 0.2796875 0.82734375 0.0453125 0.028125
0 0.31796875 0.76171875 0.046875 0.03125
0 0.28515625 0.73125 0.0421875 0.028125
1 0.3015625 0.6578125 0.046875 0.03125
1 0.2390625 0.69140625 0.046875 0.03125
1 0.13359375 0.7984375 0.0390625 0.0234375
1 0.0953125 0.76796875 0.0375 0.021875
1 0.20234375 0.72109375 0.034375 0.0265625
1 0.1828125 0.64765625 0.0375 0.0265625
1 0.25859375 0.796875 0.0375 0.025
1 0.390625 0.58359375 0.04375 0.03125
1 0.32734375 0.56015625 0.05 0.0296875
1 0.36875 0.51796875 0.0484375 0.0296875
1 0.48046875 0.484375 0.04375 0.028125
1 0.84609375 0.2984375 0.0609375 0.0421875
1 0.925 0.2375 0.065625 0.046875
1 0.546875 0.36484375 0.046875 0.034375
1 0.3828125 0.3890625 0.04375 0.03125
1 0.3734375 0.4609375 0.0515625 0.0328125
1 0.334375 0.44921875 0.0375 0.0265625
1 0.2703125 0.45625 0.0390625 0.0265625
1 0.20625 0.5265625 0.0359375 0.0265625
1 0.0578125 0.75859375 0.03125 0.01875
0 0.07109375 0.66484375 0.03125 0.01875
1 0.05 0.6375 0.0421875 0.0265625
1 0.08046875 0.5625 0.0375 0.021875
1 0.02734375 0.5265625 0.034375 0.021875
1 0.11640625 0.41953125 0.040625 0.0265625
0 0.0875 0.403125 0.0328125 0.021875
1 0.2546875 0.38125 0.034375 0.025
1 0.3578125 0.32421875 0.0421875 0.028125
1 0.56796875 0.2515625 0.05625 0.0390625
1 0.4046875 0.28671875 0.0484375 0.03125
1 0.44609375 0.2546875 0.05 0.034375
1 0.36875 0.25625 0.0484375 0.03125
1 0.53515625 0.228125 0.05 0.0296875
1 0.04140625 0.37734375 0.0328125 0.0203125
1 0.0046875 0.42578125 0.009375 0.0234375
1 0.0046875 0.32421875 0.009375 0.0203125
0 0.034375 0.31484375 0.034375 0.021875
0 0.11796875 0.3265625 0.0359375 0.021875
1 0.15234375 0.2515625 0.04375 0.028125
1 0.0515625 0.215625 0.034375 0.0265625
1 0.03984375 0.171875 0.0359375 0.025
1 0.1140625 0.17265625 0.040625 0.0265625
1 0.190625 0.16328125 0.04375 0.0296875
1 0.22734375 0.1890625 0.0421875 0.028125
1 0.23671875 0.1328125 0.0453125 0.0296875
1 0.16875 0.1046875 0.0296875 0.01875
1 0.3 0.1078125 0.0484375 0.03125
1 0.371875 0.0609375 0.0453125 0.034375
1 0.2234375 0.078125 0.0484375 0.028125
1 0.01796875 0.22890625 0.0296875 0.01875
1 0.490625 0.01015625 0.05 0.0203125
1 0.4265625 0.06640625 0.0390625 0.028125