1 0.93359375 0.7125 0.0421875 0.05
1 0.87265625 0.70546875 0.04375 0.05
1 0.821875 0.66484375 0.046875 0.059375
0 0.8984375 0.56328125 0.0453125 0.05625
0 0.89609375 0.46796875 0.040625 0.0484375
1 0.7640625 0.7828125 0.04375 0.053125
1 0.72421875 0.75 0.0328125 0.046875
0 0.7046875 0.86796875 0.0390625 0.046875
1 0.6984375 0.9875 0.034375 0.025
1 0.78828125 0.43984375 0.053125 0.065625
1 0.82890625 0.22421875 0.05625 0.06875
1 0.73203125 0.48359375 0.0484375 0.059375
0 0.66953125 0.61015625 0.034375 0.04375
1 0.6578125 0.68046875 0.040625 0.05
1 0.6078125 0.56796875 0.040625 0.0515625
1 0.6890625 0.37265625 0.05 0.0609375
1 0.71015625 0.25625 0.053125 0.065625
1 0.73203125 0.28203125 0.05625 0.06875
1 0.71171875 0.1390625 0.0375 0.0484375
1 0.58125 0.3640625 0.053125 0.0640625
1 0.57109375 0.41953125 0.0453125 0.046875
1 0.521875 0.5625 0.0453125 0.053125
1 0.5640625 0.6765625 0.04375 0.0515625
1 0.62421875 0.83671875 0.0359375 0.0421875
0 0.615625 0.87734375 0.0375 0.046875
0 0.58828125 0.80625 0.040625 0.05
0 0.54453125 0.8125 0.0359375 0.04375
1 0.49765625 0.75390625 0.040625 0.05
1 0.484375 0.8234375 0.040625 0.05
1 0.5015625 0.97265625 0.0328125 0.0390625
1 0.45390625 0.98203125 0.0296875 0.0359375
1 0.484375 0.8703125 0.0328125 0.0375
1 0.41484375 0.83984375 0.034375 0.040625
1 0.57890625 0.87421875 0.0328125 0.0390625
1 0.49609375 0.6375 0.040625 0.046875
1 0.4375 0.671875 0.040625 0.0515625
1 0.43203125 0.61328125 0.040625 0.05
1 0.47578125 0.50546875 0.0375 0.0453125
1 0.5609375 0.10390625 0.0546875 0.0640625
1 0.5625 0.01953125 0.059375 0.0390625
1 0.425 0.37890625 0.04375 0.05
1 0.33984375 0.52109375 0.040625 0.046875
1 0.38984375 0.5734375 0.04375 0.053125
1 0.35625 0.596875 0.034375 0.040625
1 0.32109375 0.65078125 0.034375 0.040625
1 0.3359375 0.7453125 0.0328125 0.0390625
1 0.42265625 0.99453125 0.0265625 0.0109375
0 0.3578125 0.93671875 0.0265625 0.0328125
1 0.3234375 0.9359375 0.034375 0.04375
1 0.284375 0.86484375 0.03125 0.0390625
1 0.2234375 0.88359375 0.028125 0.034375
1 0.19609375 0.746875 0.0359375 0.0421875
0 0.16484375 0.759375 0.0296875 0.034375
1 0.253125 0.615625 0.03125 0.0359375
1 0.2734375 0.5 0.0359375 0.04375
1 0.34921875 0.290625 0.05 0.059375
1 0.27421875 0.43984375 0.0421875 0.0515625
1 0.27578125 0.3875 0.0453125 0.053125
1 0.228125 0.4484375 0.0421875 0.0515625
1 0.3109375 0.3015625 0.040625 0.0515625
1 0.11640625 0.77890625 0.0265625 0.034375
1 0.12265625 0.8484375 0.0296875 0.0359375
1 0.06640625 0.8171875 0.025 0.034375
1 0.04453125 0.78359375 0.028125 0.0359375
0 0.06328125 0.7453125 0.028125 0.034375
0 0.125 0.68828125 0.0296875 0.0359375
1 0.08828125 0.6140625 0.0375 0.0453125
1 0.00625 0.66875 0.0125 0.0375
1 0.01015625 0.59296875 0.0203125 0.0421875
1 0.04375 0.528125 0.0390625 0.046875
1 0.08671875 0.51640625 0.0359375 0.04375
1 0.0484375 0.4734375 0.0390625 0.046875
1 0.06953125 0.4078125 0.0421875 0.0515625
1 0.078125 0.3234375 0.0421875 0.0484375
1 0.00859375 0.4484375 0.0171875 0.05
1 0.153125 0.1125 0.0453125 0.0578125
1 0.11015625 0.1953125 0.0421875 0.053125
1 0.11640625 0.28359375 0.0359375 0.0421875