1 0.9125 0.7296875 0.0484375 0.0734375
1 0.7953125 0.734375 0.0625 0.0828125
1 0.69921875 0.72890625 0.0484375 0.0625
1 0.62578125 0.85859375 0.0734375 0.1046875
1 0.5640625 0.821875 0.0375 0.0515625
1 0.48984375 0.825 0.059375 0.08125
1 0.39140625 0.646875 0.0578125 0.0796875
1 0.37109375 0.87109375 0.0609375 0.0828125
1 0.27890625 0.8265625 0.059375 0.084375
1 0.20859375 0.81796875 0.0390625 0.059375
1 0.16796875 0.82421875 0.0515625 0.0671875
1 0.15078125 0.87734375 0.03125 0.0453125
1 0.0859375 0.9125 0.0640625 0.0890625