1 0.128125 0.20859375 0.0375 0.06875
1 0.2453125 0.22265625 0.0515625 0.075
1 0.3390625 0.24296875 0.040625 0.05625
1 0.43203125 0.12578125 0.059375 0.096875
1 0.4875 0.171875 0.03125 0.046875
1 0.5609375 0.18046875 0.0484375 0.075
1 0.63046875 0.371875 0.046875 0.0734375
1 0.68515625 0.15390625 0.05 0.0765625
1 0.76953125 0.21171875 0.0484375 0.078125
1 0.8375 0.23125 0.03125 0.0546875
1 0.87890625 0.23203125 0.0421875 0.0609375
1 0.90390625 0.18203125 0.025 0.0421875
1 0.9734375 0.15703125 0.0515625 0.08125