1 0.940625 0.3296875 0.05625 0.0765625
1 0.825 0.309375 0.071875 0.0875
1 0.72890625 0.3015625 0.0546875 0.065625
1 0.67421875 0.16171875 0.084375 0.109375
1 0.6078125 0.18984375 0.04375 0.0546875
1 0.53515625 0.1765625 0.06875 0.0859375
1 0.4125 0.3390625 0.065625 0.084375
1 0.42421875 0.11484375 0.0703125 0.0875
1 0.3265625 0.1453125 0.06875 0.0890625
1 0.25546875 0.14453125 0.0453125 0.0609375
1 0.215625 0.1328125 0.0578125 0.0703125
1 0.20703125 0.078125 0.0359375 0.046875
1 0.14765625 0.03984375 0.0734375 0.0796875