1 0.70546875 0.95 0.071875 0.05625
1 0.83828125 0.8640625 0.0546875 0.0390625
1 0.68203125 0.77421875 0.06875 0.0515625
1 0.88984375 0.6875 0.046875 0.0375
1 0.8390625 0.63515625 0.0671875 0.0484375
1 0.64609375 0.50390625 0.09375 0.0640625
1 0.90859375 0.60390625 0.0578125 0.04375
1 0.90859375 0.53984375 0.05625 0.0390625
1 0.75 0.415625 0.0734375 0.053125
1 0.80546875 0.43671875 0.0609375 0.0421875
0 0.909375 0.6390625 0.034375 0.03125
0 0.9078125 0.46484375 0.04375 0.0296875
1 0.9703125 0.46640625 0.0375 0.0296875
1 0.8859375 0.3890625 0.046875 0.0375
0 0.98515625 0.440625 0.0296875 0.028125
0 0.94765625 0.36640625 0.05 0.03125
1 0.9734375 0.3171875 0.0515625 0.0375
1 0.97421875 0.29765625 0.0359375 0.015625
0 0.975 0.33984375 0.0359375 0.0234375
0 0.98515625 0.18515625 0.0296875 0.0328125
1 0.96015625 0.1078125 0.05 0.0375