1 0.0828125 0.23359375 0.046875 0.065625
1 0.18671875 0.1140625 0.0328125 0.05
1 0.25390625 0.28125 0.04375 0.0625
1 0.36875 0.0875 0.03125 0.0421875
1 0.41328125 0.1453125 0.040625 0.0625
1 0.51640625 0.3546875 0.053125 0.0875
1 0.45390625 0.08125 0.0359375 0.053125
1 0.5171875 0.08984375 0.0328125 0.0515625
1 0.61796875 0.2640625 0.04375 0.06875
1 0.60546875 0.20625 0.034375 0.05625
0 0.41953125 0.075 0.0265625 0.03125
0 0.59140625 0.10078125 0.025 0.040625
1 0.5984375 0.0390625 0.025 0.034375
1 0.66328125 0.13359375 0.03125 0.0421875
0 0.6265625 0.02265625 0.0234375 0.0375
0 0.69453125 0.075 0.025 0.046875
1 0.746875 0.05625 0.03125 0.0484375
1 0.76640625 0.05859375 0.0109375 0.034375
0 0.725 0.0515625 0.01875 0.034375
0 0.8796875 0.05625 0.028125 0.040625
1 0.95234375 0.09921875 0.03125 0.0453125