1 0.72890625 0.0609375 0.06875 0.053125
1 0.85703125 0.15390625 0.053125 0.0375
1 0.69609375 0.2359375 0.065625 0.0484375
1 0.89921875 0.33359375 0.0453125 0.034375
1 0.84609375 0.3828125 0.065625 0.0453125
1 0.64609375 0.50390625 0.0921875 0.0609375
1 0.91328125 0.41796875 0.05625 0.040625
1 0.91015625 0.48125 0.0546875 0.0375
1 0.7453125 0.596875 0.071875 0.05
1 0.8015625 0.5796875 0.059375 0.0390625
0 0.91640625 0.3828125 0.0328125 0.0296875
0 0.90546875 0.55625 0.0421875 0.028125
1 0.96796875 0.5578125 0.0359375 0.028125
1 0.87890625 0.63046875 0.0453125 0.034375
0 0.98359375 0.58359375 0.0328125 0.0265625
0 0.940625 0.65703125 0.0484375 0.0296875
1 0.96328125 0.70703125 0.0515625 0.0359375
1 0.96328125 0.7265625 0.0359375 0.0140625
0 0.96640625 0.68515625 0.0359375 0.021875
0 0.975 0.83984375 0.0421875 0.03125
1 0.9390625 0.915625 0.0484375 0.034375