0 0.78515625 0.96953125 0.0796875 0.0609375
0 0.53203125 0.98671875 0.0734375 0.0265625
0 0.57578125 0.88828125 0.0734375 0.0546875
0 0.43828125 0.959375 0.0671875 0.05
0 0.434375 0.83125 0.075 0.0609375
0 0.31171875 0.9046875 0.0671875 0.0515625
0 0.3453125 0.8046875 0.0484375 0.0453125
0 0.30390625 0.7515625 0.059375 0.0484375
0 0.171875 0.8546875 0.0609375 0.046875
0 0.13515625 0.809375 0.046875 0.0375
0 0.18515625 0.70625 0.065625 0.05
0 0.02421875 0.7515625 0.0484375 0.04375
0 0.06328125 0.67109375 0.0640625 0.0484375
0 0.015625 0.6328125 0.03125 0.04375
0 0.11015625 0.490625 0.04375 0.0296875
1 0.11796875 0.4140625 0.0484375 0.0328125
1 0.11953125 0.36640625 0.0484375 0.034375
0 0.14609375 0.43984375 0.05 0.0390625
0 0.203125 0.453125 0.05 0.0375
1 0.2921875 0.5015625 0.046875 0.040625
0 0.35 0.48203125 0.05 0.0328125
0 0.39375 0.51640625 0.0515625 0.034375
0 0.478125 0.53984375 0.059375 0.0453125
0 0.56015625 0.5890625 0.0625 0.0515625
0 0.6421875 0.578125 0.053125 0.0453125
0 0.81875 0.62265625 0.046875 0.04375
0 0.9125 0.63515625 0.075 0.0578125
0 0.88828125 0.65859375 0.05 0.028125
1 0.4546875 0.4625 0.05625 0.04375
0 0.503125 0.4453125 0.06875 0.05
0 0.4140625 0.409375 0.0609375 0.0484375
0 0.40078125 0.43359375 0.0515625 0.0375
0 0.22890625 0.390625 0.0421875 0.028125
0 0.25625 0.37734375 0.0546875 0.040625
0 0.15 0.3078125 0.053125 0.0390625
0 0.2875 0.34296875 0.053125 0.040625
0 0.2921875 0.29453125 0.046875 0.0359375
0 0.3953125 0.3234375 0.0578125 0.046875
0 0.559375 0.396875 0.04375 0.0375
0 0.68203125 0.49140625 0.0625 0.04375
0 0.74140625 0.47109375 0.0671875 0.0515625
0 0.7515625 0.428125 0.065625 0.05
0 0.5921875 0.371875 0.0671875 0.05
0 0.965625 0.49765625 0.0671875 0.0453125
0 0.203125 0.28671875 0.046875 0.0390625
0 0.1875 0.23984375 0.040625 0.028125
0 0.1328125 0.23359375 0.0375 0.0328125
0 0.17890625 0.178125 0.0390625 0.03125
0 0.20234375 0.21171875 0.0375 0.0328125
0 0.253125 0.19609375 0.04375 0.0375
0 0.34609375 0.23828125 0.0515625 0.0453125
0 0.3328125 0.209375 0.0484375 0.025
0 0.4390625 0.271875 0.0484375 0.04375
0 0.49296875 0.2578125 0.0609375 0.046875
0 0.50703125 0.2359375 0.0453125 0.0265625
0 0.6015625 0.278125 0.0578125 0.046875
0 0.73203125 0.32578125 0.053125 0.0484375
0 0.8703125 0.33203125 0.0625 0.05
0 0.9453125 0.3375 0.0390625 0.03125
0 0.19453125 0.13515625 0.03125 0.025