0 0.0484375 0.81796875 0.0609375 0.078125
0 0.0140625 0.5671875 0.028125 0.071875
0 0.11796875 0.60234375 0.0515625 0.071875
0 0.0375 0.4703125 0.046875 0.065625
0 0.16484375 0.4578125 0.0578125 0.0734375
0 0.0828125 0.340625 0.0484375 0.065625
0 0.18515625 0.3671875 0.0421875 0.046875
0 0.2359375 0.321875 0.0453125 0.0578125
0 0.1234375 0.19765625 0.04375 0.059375
0 0.16640625 0.1578125 0.034375 0.0453125
0 0.27265625 0.20078125 0.046875 0.0640625
0 0.21484375 0.040625 0.040625 0.053125
0 0.2984375 0.0765625 0.0453125 0.0625
0 0.33125 0.02109375 0.040625 0.0421875
0 0.4828125 0.11015625 0.028125 0.04375
1 0.55859375 0.1125 0.0296875 0.046875
1 0.60703125 0.1109375 0.03125 0.046875
0 0.53515625 0.1421875 0.0375 0.0484375
0 0.52578125 0.20078125 0.0359375 0.0484375
1 0.48359375 0.29296875 0.0375 0.046875
0 0.5078125 0.34921875 0.0296875 0.05
0 0.47578125 0.3953125 0.03125 0.05
0 0.45859375 0.48046875 0.0421875 0.059375
0 0.41484375 0.56640625 0.0484375 0.0625
0 0.43125 0.646875 0.0421875 0.0515625
0 0.4 0.8265625 0.0421875 0.0453125
0 0.39375 0.9203125 0.0546875 0.0734375
0 0.36875 0.8984375 0.025 0.0484375
1 0.534375 0.4515625 0.0421875 0.05625
0 0.5546875 0.49921875 0.046875 0.0671875
0 0.584375 0.4078125 0.0453125 0.059375
0 0.559375 0.396875 0.034375 0.0515625
0 0.58984375 0.221875 0.025 0.0421875
0 0.60546875 0.2484375 0.0390625 0.053125
0 0.6671875 0.1375 0.0359375 0.0515625
0 0.6421875 0.27734375 0.0375 0.0515625
0 0.690625 0.27890625 0.0328125 0.0453125
0 0.66875 0.38359375 0.0453125 0.05625
0 0.60703125 0.5515625 0.0359375 0.0421875
0 0.52109375 0.68125 0.040625 0.0609375
0 0.54609375 0.7390625 0.0484375 0.065625
0 0.5890625 0.74609375 0.046875 0.0640625
0 0.63359375 0.5828125 0.046875 0.065625
0 0.534375 0.9640625 0.040625 0.065625
0 0.6921875 0.1890625 0.0359375 0.0453125
0 0.7375 0.1703125 0.0265625 0.040625
0 0.740625 0.115625 0.03125 0.0359375
0 0.79921875 0.15703125 0.0296875 0.0390625
0 0.7671875 0.18359375 0.03125 0.0359375
0 0.7859375 0.2328125 0.0359375 0.0421875
0 0.75078125 0.328125 0.04375 0.05
0 0.778125 0.31328125 0.0234375 0.0484375
0 0.72265625 0.4234375 0.040625 0.046875
0 0.74140625 0.4765625 0.04375 0.059375
0 0.7640625 0.4890625 0.025 0.0453125
0 0.72890625 0.5859375 0.0453125 0.05625
0 0.68984375 0.71953125 0.046875 0.0515625
0 0.69296875 0.8578125 0.046875 0.0609375
0 0.69296875 0.9328125 0.0296875 0.0390625
0 0.8421875 0.1703125 0.0234375 0.03125