0 0.13125 0.91171875 0.046875 0.06875
0 0.02890625 0.678125 0.040625 0.0640625
0 0.15078125 0.6859375 0.0375 0.065625
0 0.04296875 0.575 0.034375 0.059375
0 0.1640625 0.534375 0.04375 0.065625
0 0.0578125 0.43828125 0.0359375 0.059375
0 0.16328125 0.44140625 0.034375 0.040625
0 0.20234375 0.3859375 0.034375 0.0515625
0 0.06484375 0.28984375 0.0328125 0.053125
0 0.09765625 0.24140625 0.0265625 0.040625
0 0.2109375 0.259375 0.034375 0.0578125
0 0.11875 0.11640625 0.03125 0.046875
0 0.20859375 0.1328125 0.0328125 0.05625
0 0.22734375 0.065625 0.03125 0.046875
0 0.3953125 0.12421875 0.01875 0.040625
1 0.4703125 0.109375 0.0203125 0.04375
1 0.51640625 0.096875 0.021875 0.04375
0 0.45390625 0.14375 0.028125 0.04375
0 0.4578125 0.20234375 0.0265625 0.04375
1 0.4375 0.3015625 0.0296875 0.040625
0 0.4734375 0.3515625 0.0203125 0.046875
0 0.453125 0.403125 0.021875 0.046875
0 0.45546875 0.490625 0.03125 0.053125
0 0.43203125 0.58359375 0.0375 0.0546875
0 0.46640625 0.65859375 0.0328125 0.0453125
0 0.47578125 0.840625 0.034375 0.0390625
0 0.49140625 0.93359375 0.040625 0.065625
0 0.46171875 0.91796875 0.015625 0.046875
1 0.52265625 0.4453125 0.03125 0.05
0 0.553125 0.48671875 0.034375 0.0609375
0 0.56171875 0.39140625 0.034375 0.053125
0 0.534375 0.3859375 0.025 0.046875
0 0.525 0.20859375 0.0171875 0.0390625
0 0.54609375 0.23125 0.028125 0.0484375
0 0.58125 0.109375 0.0265625 0.046875
0 0.58828125 0.25078125 0.028125 0.046875
0 0.6359375 0.24140625 0.025 0.040625
0 0.63828125 0.3484375 0.034375 0.05
0 0.615625 0.5265625 0.028125 0.0375
0 0.56171875 0.671875 0.028125 0.05625
0 0.5984375 0.72265625 0.0359375 0.059375
0 0.6421875 0.71953125 0.034375 0.0578125
0 0.64921875 0.55078125 0.034375 0.059375
0 0.63828125 0.94453125 0.028125 0.0609375
0 0.6171875 0.15390625 0.028125 0.040625
0 0.65703125 0.125 0.01875 0.0375
0 0.64765625 0.07109375 0.025 0.03125
0 0.7140625 0.0984375 0.021875 0.034375
0 0.6890625 0.13125 0.025 0.03125
0 0.71875 0.175 0.028125 0.0375
0 0.70546875 0.2765625 0.034375 0.04375
0 0.72890625 0.25546875 0.0125 0.046875
0 0.7 0.375 0.0328125 0.040625
0 0.7296875 0.42265625 0.0328125 0.053125
0 0.7546875 0.4296875 0.015625 0.0421875
0 0.7421875 0.53203125 0.034375 0.05
0 0.734375 0.67109375 0.0375 0.04375
0 0.76875 0.80546875 0.0359375 0.0546875
0 0.78515625 0.878125 0.021875 0.034375
0 0.8015625 0.971875 0.034375 0.05625
0 0.759375 0.1015625 0.0171875 0.028125