0 0.046875 0.45625 0.025 0.065625
0 0.18515625 0.40625 0.025 0.06875
0 0.0296875 0.3765625 0.028125 0.053125
0 0.09140625 0.40625 0.025 0.05625
0 0.13828125 0.35625 0.028125 0.053125
0 0.22578125 0.3625 0.0171875 0.053125
0 0.3109375 0.36796875 0.03125 0.0625
0 0.371875 0.3765625 0.025 0.053125
0 0.4109375 0.41875 0.021875 0.053125
0 0.4578125 0.39921875 0.028125 0.0484375
0 0.5109375 0.39921875 0.025 0.05625
0 0.55859375 0.4046875 0.021875 0.0453125
0 0.275 0.39609375 0.028125 0.06875
0 0.61328125 0.38046875 0.025 0.0453125
0 0.68984375 0.346875 0.025 0.0484375
0 0.48828125 0.36640625 0.01875 0.059375
0 0.73125 0.38203125 0.01875 0.05625
0 0.6390625 0.35625 0.021875 0.059375
0 0.76953125 0.403125 0.025 0.05625
0 0.84140625 0.3890625 0.021875 0.040625
0 0.76953125 0.346875 0.0171875 0.034375
0 0.86640625 0.3875 0.015625 0.0375
0 0.94375 0.3890625 0.021875 0.040625
0 0.98359375 0.35625 0.01875 0.0375
0 0.92265625 0.36796875 0.015625 0.034375