0 0.49609375 0.04453125 0.0671875 0.03125
0 0.434375 0.178125 0.0703125 0.03125
0 0.41796875 0.02109375 0.0546875 0.0328125
0 0.4421875 0.08515625 0.0578125 0.0296875
0 0.38828125 0.12734375 0.0546875 0.0328125
0 0.38671875 0.21484375 0.0546875 0.021875
0 0.38515625 0.3 0.065625 0.0359375
0 0.38828125 0.36171875 0.0546875 0.0296875
0 0.4265625 0.40390625 0.0546875 0.0265625
0 0.403125 0.44921875 0.05 0.0328125
0 0.3984375 0.50234375 0.0578125 0.0296875
0 0.4 0.55 0.046875 0.025
0 0.41640625 0.2671875 0.0703125 0.034375
0 0.37109375 0.60234375 0.046875 0.028125
0 0.33125 0.67578125 0.05 0.0296875
0 0.36796875 0.4765625 0.0609375 0.0234375
0 0.3625 0.7203125 0.0578125 0.0234375
0 0.34453125 0.62578125 0.0609375 0.0265625
0 0.3796875 0.76015625 0.0578125 0.0296875
0 0.359375 0.83046875 0.0421875 0.025
0 0.32421875 0.75546875 0.0359375 0.0203125
0 0.35625 0.85546875 0.0390625 0.01875
0 0.35078125 0.93203125 0.0421875 0.025
0 0.31484375 0.96953125 0.0390625 0.021875
0 0.33125 0.909375 0.0359375 0.01875