0 0.4640625 0.04609375 0.065625 0.0265625
0 0.41171875 0.18359375 0.06875 0.0265625
0 0.38515625 0.02734375 0.053125 0.0296875
0 0.41328125 0.08984375 0.05625 0.0265625
0 0.3625 0.1359375 0.053125 0.0296875
0 0.3671875 0.2234375 0.053125 0.01875
0 0.37109375 0.30859375 0.0625 0.0328125
0 0.37890625 0.36953125 0.053125 0.0265625
0 0.4203125 0.409375 0.053125 0.0234375
0 0.4 0.45625 0.0484375 0.0296875
0 0.39921875 0.509375 0.05625 0.0265625
0 0.40390625 0.55703125 0.0453125 0.0234375
0 0.4 0.2734375 0.06875 0.0296875
0 0.378125 0.6109375 0.0453125 0.0265625
0 0.34375 0.6875 0.0484375 0.0265625
0 0.36640625 0.4859375 0.059375 0.0203125
0 0.378125 0.72890625 0.05625 0.0203125
0 0.35390625 0.63671875 0.059375 0.0234375
0 0.3984375 0.76796875 0.05625 0.0265625
0 0.3828125 0.8390625 0.040625 0.021875
0 0.3421875 0.7671875 0.034375 0.0171875
0 0.38125 0.8640625 0.0375 0.015625
0 0.38125 0.94140625 0.040625 0.021875
0 0.34765625 0.98125 0.0375 0.01875
0 0.3609375 0.9203125 0.034375 0.015625