1 0.87890625 0.79140625 0.1015625 0.078125
1 0.80078125 0.73515625 0.0953125 0.0765625
1 0.74296875 0.55625 0.103125 0.08125
1 0.82265625 0.5796875 0.065625 0.0484375
1 0.79765625 0.51484375 0.0546875 0.04375
1 0.740625 0.49921875 0.078125 0.065625
1 0.7546875 0.46484375 0.059375 0.0390625
1 0.53984375 0.53125 0.0984375 0.0765625
1 0.71796875 0.43046875 0.065625 0.0515625
1 0.70546875 0.38359375 0.071875 0.053125
1 0.68046875 0.35703125 0.090625 0.071875
1 0.634375 0.31875 0.08125 0.0640625
1 0.59609375 0.29375 0.1015625 0.078125
1 0.55 0.246875 0.1140625 0.0890625
1 0.67890625 0.1859375 0.075 0.053125
1 0.61796875 0.1578125 0.0828125 0.0671875
0 0.603125 0.1203125 0.06875 0.0578125
1 0.5921875 0.0453125 0.08125 0.065625
1 0.553125 0.01875 0.09375 0.0375
1 0.59375 0.090625 0.0515625 0.040625