1 0.8171875 0.8578125 0.0734375 0.1015625
1 0.75625 0.78359375 0.071875 0.0953125
1 0.5734375 0.73828125 0.0765625 0.103125
1 0.6015625 0.815625 0.0453125 0.065625
1 0.53515625 0.7953125 0.0421875 0.053125
1 0.51640625 0.740625 0.0625 0.0765625
1 0.4828125 0.75703125 0.0359375 0.059375
1 0.534375 0.5375 0.0734375 0.0984375
1 0.4453125 0.72265625 0.0484375 0.0640625
1 0.3984375 0.71328125 0.05 0.071875
1 0.3703125 0.68984375 0.0671875 0.0890625
1 0.32890625 0.646875 0.0609375 0.08125
1 0.30078125 0.61015625 0.0734375 0.1015625
1 0.2515625 0.5671875 0.084375 0.1125
1 0.19921875 0.70078125 0.05 0.075
1 0.1671875 0.64140625 0.0640625 0.08125
0 0.128125 0.62890625 0.05625 0.0671875
1 0.05234375 0.6234375 0.0609375 0.0796875
1 0.0203125 0.58828125 0.040625 0.0921875
1 0.09765625 0.621875 0.0375 0.0515625