1 0.08359375 0.26484375 0.046875 0.090625
1 0.165625 0.31484375 0.046875 0.084375
1 0.353125 0.2984375 0.0484375 0.0921875
1 0.30078125 0.234375 0.028125 0.059375
1 0.3703125 0.23203125 0.028125 0.046875
1 0.40625 0.278125 0.04375 0.065625
1 0.4328125 0.2515625 0.01875 0.05625
1 0.45546875 0.47578125 0.046875 0.0875
1 0.47890625 0.271875 0.03125 0.0578125
1 0.5265625 0.265625 0.0296875 0.065625
1 0.5609375 0.278125 0.04375 0.0796875
1 0.6140625 0.30546875 0.0390625 0.071875
1 0.65234375 0.33125 0.046875 0.090625
1 0.71328125 0.35546875 0.0546875 0.1
1 0.71875 0.2125 0.028125 0.0703125
1 0.76875 0.2578125 0.0421875 0.071875
0 0.809375 0.25703125 0.0390625 0.0578125
1 0.8828125 0.2375 0.040625 0.0703125
1 0.9390625 0.25546875 0.046875 0.08125
1 0.840625 0.25390625 0.0234375 0.046875