1 0.15859375 0.0234375 0.1203125 0.046875
1 0.24921875 0.1015625 0.1140625 0.075
1 0.31484375 0.15 0.1 0.0578125
0 0.575 0.11875 0.1171875 0.0921875
1 0.6828125 0.09765625 0.090625 0.046875
1 0.721875 0.04296875 0.078125 0.0421875
0 0.9734375 0.12109375 0.053125 0.0546875
1 0.94296875 0.33515625 0.0875 0.059375
1 0.7515625 0.2796875 0.0765625 0.059375
1 0.5234375 0.26484375 0.09375 0.0546875
1 0.08515625 0.33671875 0.1109375 0.08125
1 0.25234375 0.49609375 0.0859375 0.071875
1 0.1703125 0.5359375 0.109375 0.08125
1 0.5703125 0.503125 0.0953125 0.065625
1 0.725 0.50234375 0.0921875 0.0703125
1 0.85078125 0.5203125 0.0796875 0.0625
1 0.4953125 0.640625 0.0859375 0.0546875
1 0.71328125 0.67890625 0.0953125 0.0609375
1 0.709375 0.76640625 0.0984375 0.065625
1 0.31953125 0.91875 0.08125 0.075
1 0.61875 0.90390625 0.0875 0.0671875
1 0.7703125 0.846875 0.075 0.053125
1 0.88203125 0.85390625 0.065625 0.05