1 0.040625 0.88203125 0.0671875 0.115625
1 0.125 0.784375 0.065625 0.109375
1 0.1671875 0.71484375 0.05 0.0953125
0 0.11328125 0.45859375 0.0828125 0.1109375
1 0.08359375 0.353125 0.0390625 0.0875
1 0.025 0.31875 0.0359375 0.075
0 0.08046875 0.0453125 0.0484375 0.0796875
1 0.296875 0.0734375 0.053125 0.0828125
1 0.25859375 0.26875 0.053125 0.071875
1 0.26328125 0.496875 0.046875 0.090625
1 0.3734375 0.92734375 0.071875 0.1046875
1 0.51796875 0.746875 0.065625 0.08125
1 0.56484375 0.825 0.071875 0.103125
1 0.496875 0.4296875 0.0578125 0.090625
1 0.4828125 0.27578125 0.0625 0.0875
1 0.48984375 0.1484375 0.05625 0.075
1 0.640625 0.4921875 0.0484375 0.08125
1 0.659375 0.271875 0.053125 0.090625
1 0.746875 0.26796875 0.0578125 0.09375
1 0.9328125 0.64296875 0.06875 0.075
1 0.8921875 0.34609375 0.0609375 0.0828125
1 0.821875 0.20078125 0.046875 0.071875
1 0.81953125 0.08828125 0.0453125 0.0625