1 0.92734375 0.30234375 0.128125 0.109375
1 0.84609375 0.30703125 0.1078125 0.0890625
0 0.6453125 0.1390625 0.1375 0.125
1 0.565625 0.06328125 0.0953125 0.075
1 0.56328125 0.0140625 0.0828125 0.028125
1 0.21875 0.1203125 0.0984375 0.0859375
1 0.409375 0.178125 0.0890625 0.08125
1 0.60859375 0.28984375 0.1015625 0.084375
1 0.93671875 0.5890625 0.1265625 0.1125
1 0.709375 0.63203125 0.103125 0.0953125
1 0.75625 0.71015625 0.125 0.1125
1 0.4390625 0.4640625 0.1078125 0.09375
1 0.31015625 0.3796875 0.10625 0.096875
1 0.19453125 0.32578125 0.0921875 0.084375
1 0.42734375 0.6203125 0.09375 0.08125
1 0.2234375 0.53359375 0.1046875 0.0890625
1 0.17890625 0.609375 0.109375 0.0953125
1 0.42265625 0.94921875 0.0984375 0.0953125
1 0.1796875 0.77421875 0.1015625 0.0921875
1 0.084375 0.64375 0.0859375 0.075
1 0.0125 0.5890625 0.025 0.06875