1 0.20859375 0.73359375 0.0890625 0.0734375
1 0.2484375 0.52109375 0.11875 0.09375
1 0.29765625 0.35859375 0.1 0.08125
0 0.3546875 0.18828125 0.0859375 0.0734375
0 0.43828125 0.0203125 0.0828125 0.040625
0 0.1046875 0.23046875 0.04375 0.028125
0 0.096875 0.29375 0.034375 0.0234375
0 0.24140625 0.08046875 0.0296875 0.0203125
0 0.2171875 0.15078125 0.025 0.021875
0 0.1984375 0.184375 0.0265625 0.021875
1 0.1 0.4375 0.0328125 0.025
0 0.09609375 0.50859375 0.025 0.021875
0 0.0296875 0.6484375 0.0296875 0.0234375
0 0.015625 0.70703125 0.03125 0.0296875