0 0.2015625 0.12421875 0.3 0.165625
0 0.4125 0.06328125 0.1390625 0.103125
1 0.6109375 0.04375 0.096875 0.08125
1 0.63203125 0.13984375 0.1671875 0.0890625
1 0.65546875 0.2078125 0.084375 0.040625
0 0.58828125 0.27421875 0.171875 0.09375
1 0.321875 0.34453125 0.1921875 0.1125
1 0.353125 0.4421875 0.14375 0.0859375
1 0.36171875 0.58671875 0.2296875 0.1328125
1 0.55859375 0.49609375 0.146875 0.0421875
0 0.63828125 0.3578125 0.134375 0.065625
1 0.690625 0.45234375 0.125 0.0703125
0 0.7203125 0.58203125 0.1140625 0.0625
0 0.81640625 0.21015625 0.1 0.053125
1 0.79609375 0.1734375 0.084375 0.034375
1 0.86328125 0.121875 0.075 0.040625
1 0.79375 0.02890625 0.1171875 0.0578125
0 0.80234375 0.07265625 0.075 0.0375
1 0.9578125 0.19453125 0.046875 0.028125
1 0.8828125 0.24296875 0.046875 0.021875
1 0.8125 0.2625 0.084375 0.04375
1 0.68125 0.409375 0.103125 0.040625
1 0.7859375 0.37890625 0.0625 0.0375
1 0.8375 0.33359375 0.059375 0.0375
1 0.8453125 0.37578125 0.05625 0.04375
1 0.94609375 0.33203125 0.05625 0.025
1 0.94140625 0.29140625 0.0390625 0.0109375
1 0.921875 0.39453125 0.046875 0.021875
1 0.8859375 0.4109375 0.046875 0.0296875
0 0.878125 0.478125 0.071875 0.0375
1 0.79375 0.5109375 0.0921875 0.0421875
1 0.72265625 0.503125 0.084375 0.040625
1 0.95078125 0.515625 0.0515625 0.0125
1 0.9421875 0.57734375 0.040625 0.021875
1 0.9609375 0.63515625 0.053125 0.028125
0 0.83203125 0.65390625 0.0765625 0.04375
0 0.73046875 0.625 0.09375 0.025
1 0.62421875 0.67890625 0.103125 0.0625
1 0.8203125 0.6859375 0.071875 0.028125
0 0.940625 0.69765625 0.04375 0.021875
1 0.478125 0.6796875 0.0765625 0.028125
1 0.42265625 0.746875 0.171875 0.08125
1 0.33359375 0.87734375 0.4609375 0.2453125
1 0.7203125 0.846875 0.1140625 0.059375
0 0.68125 0.9546875 0.1 0.025
1 0.7390625 0.89375 0.1015625 0.034375
1 0.6421875 0.7390625 0.075 0.053125
1 0.7890625 0.7953125 0.084375 0.05
1 0.8890625 0.7796875 0.0875 0.0453125
0 0.9125 0.82578125 0.08125 0.0296875
1 0.8734375 0.9109375 0.059375 0.0203125