1 0.1875 0.2953125 0.053125 0.0765625
1 0.40234375 0.2671875 0.065625 0.103125
1 0.571875 0.2640625 0.05625 0.0875
0 0.7515625 0.265625 0.053125 0.0734375
0 0.95078125 0.28828125 0.0515625 0.0703125
0 0.96484375 0.0859375 0.034375 0.0453125
0 0.634375 0.040625 0.0171875 0.040625
0 0.571875 0.053125 0.0140625 0.03125
0 0.81875 0.12421875 0.0125 0.0265625
0 0.74453125 0.1234375 0.015625 0.021875
0 0.70703125 0.115625 0.015625 0.0234375
1 0.4359375 0.1 0.0171875 0.028125
0 0.3671875 0.11875 0.015625 0.021875
0 0.21328125 0.0984375 0.0171875 0.025
0 0.15234375 0.1015625 0.0203125 0.0328125
0 0.06796875 0.09453125 0.0125 0.03125
0 0.0125 0.09140625 0.0203125 0.0265625