1 0.809375 0.46953125 0.0875 0.1515625
0 0.6359375 0.553125 0.2296875 0.4453125
1 0.91953125 0.36953125 0.0703125 0.1234375
0 0.85703125 0.20234375 0.0546875 0.10625
0 0.790625 0.34921875 0.059375 0.0953125
1 0.7359375 0.27578125 0.05625 0.0828125
1 0.66953125 0.2484375 0.06875 0.0921875
1 0.5890625 0.29140625 0.0546875 0.084375
1 0.53828125 0.35859375 0.0671875 0.1109375
1 0.4640625 0.3640625 0.0734375 0.0890625
0 0.56015625 0.17421875 0.040625 0.0734375
1 0.6484375 0.10546875 0.025 0.0453125
1 0.5640625 0.08203125 0.0265625 0.0453125
1 0.32890625 0.44375 0.103125 0.1609375
1 0.88984375 0.228125 0.0421875 0.0859375
1 0.75703125 0.1984375 0.05 0.071875
1 0.45625 0.0515625 0.0171875 0.0328125
1 0.17578125 0.88125 0.08125 0.1953125
1 0.15859375 0.5171875 0.1 0.178125
1 0.190625 0.2640625 0.0734375 0.1078125
1 0.18984375 0.40234375 0.04375 0.0953125
1 0.24453125 0.18984375 0.05 0.103125
1 0.1546875 0.14765625 0.0390625 0.0703125