1 0.42890625 0.109375 0.0921875 0.0796875
1 0.46484375 0.24140625 0.084375 0.06875
1 0.4859375 0.309375 0.078125 0.0546875
1 0.19140625 0.34765625 0.1078125 0.084375
1 0.53046875 0.475 0.09375 0.075
1 0.51015625 0.76875 0.1171875 0.090625
1 0.4234375 0.92578125 0.078125 0.046875
1 0.6046875 0.540625 0.078125 0.04375
1 0.63203125 0.63671875 0.0640625 0.03125
1 0.73203125 0.584375 0.059375 0.0421875
1 0.7734375 0.490625 0.05 0.03125
1 0.59296875 0.16796875 0.06875 0.040625
0 0.65546875 0.284375 0.05 0.040625
1 0.67421875 0.16484375 0.0421875 0.03125
1 0.59765625 0.3640625 0.0625 0.0484375
1 0.76015625 0.3375 0.0453125 0.0265625
1 0.78359375 0.178125 0.046875 0.0296875
1 0.709375 0.22890625 0.040625 0.028125
1 0.7 0.11328125 0.040625 0.0265625
1 0.7609375 0.10078125 0.0328125 0.021875
1 0.8140625 0.25390625 0.0328125 0.025