1 0.23046875 0.75859375 0.0859375 0.06875
1 0.2515625 0.54296875 0.115625 0.0875
1 0.2859375 0.3765625 0.0984375 0.075
0 0.328125 0.20234375 0.0828125 0.06875
0 0.39453125 0.02265625 0.0796875 0.0453125
0 0.0828125 0.265625 0.04375 0.0265625
0 0.08046875 0.3296875 0.034375 0.0203125
0 0.20546875 0.1046875 0.028125 0.01875
0 0.18828125 0.17734375 0.025 0.0203125
0 0.171875 0.21171875 0.0265625 0.0203125
1 0.09609375 0.47265625 0.03125 0.0234375
0 0.0984375 0.54375 0.025 0.0203125
0 0.04453125 0.6890625 0.028125 0.021875
0 0.03359375 0.74921875 0.0359375 0.0265625
0 0.01171875 0.8296875 0.0234375 0.01875
0 0.003125 0.8828125 0.00625 0.025