1 0.19375 0.44765625 0.078125 0.146875
0 0.3609375 0.54375 0.2 0.4328125
1 0.090625 0.340625 0.0625 0.11875
0 0.16484375 0.178125 0.046875 0.103125
0 0.2203125 0.32890625 0.053125 0.0921875
1 0.28046875 0.26015625 0.0515625 0.0796875
1 0.3484375 0.2375 0.0625 0.0875
1 0.42578125 0.2859375 0.0484375 0.08125
1 0.471875 0.35625 0.059375 0.1078125
1 0.5453125 0.3671875 0.0671875 0.084375
0 0.4625 0.17109375 0.0359375 0.071875
1 0.3796875 0.09609375 0.021875 0.04375
1 0.46484375 0.07890625 0.0234375 0.04375
1 0.675 0.45546875 0.0921875 0.1546875
1 0.1296875 0.2015625 0.0359375 0.084375
1 0.26484375 0.18125 0.0453125 0.06875
1 0.575 0.05546875 0.015625 0.03125
1 0.796875 0.903125 0.06875 0.190625
1 0.8390625 0.540625 0.0875 0.171875
1 0.825 0.2859375 0.0671875 0.103125
1 0.81640625 0.42421875 0.0375 0.0921875
1 0.7765625 0.20859375 0.04375 0.1
1 0.86875 0.17265625 0.034375 0.06875