0 0.72109375 0.9078125 0.3265625 0.184375
0 0.5015625 0.940625 0.15625 0.11875
1 0.30390625 0.9265625 0.1109375 0.0984375
1 0.3015625 0.828125 0.18125 0.11875
1 0.29140625 0.75703125 0.090625 0.05625
0 0.3703125 0.7046875 0.1859375 0.125
1 0.6453125 0.68671875 0.209375 0.146875
1 0.6328125 0.58515625 0.1578125 0.1125
1 0.65234375 0.44140625 0.2515625 0.1734375
1 0.44140625 0.49296875 0.1515625 0.06875
0 0.3375 0.61328125 0.14375 0.090625
1 0.30390625 0.51015625 0.1359375 0.0921875
0 0.29921875 0.37734375 0.1234375 0.0828125
0 0.134375 0.72421875 0.1078125 0.071875
1 0.146875 0.7640625 0.0890625 0.05
1 0.07109375 0.8015625 0.08125 0.0546875
1 0.121875 0.90625 0.1265625 0.0796875
0 0.121875 0.86171875 0.08125 0.0515625
1 0.00859375 0.71171875 0.0171875 0.0359375
1 0.075 0.67890625 0.05 0.0296875
1 0.14765625 0.6734375 0.090625 0.059375
1 0.3046875 0.5546875 0.109375 0.059375
1 0.19609375 0.5640625 0.06875 0.0484375
1 0.13671875 0.59921875 0.065625 0.0484375
1 0.1375 0.55625 0.0640625 0.053125
1 0.0296875 0.5796875 0.059375 0.0359375
1 0.0265625 0.6203125 0.040625 0.01875
1 0.065625 0.52265625 0.05 0.0296875
1 0.10390625 0.5140625 0.0515625 0.0375
0 0.125 0.44921875 0.078125 0.05
1 0.2140625 0.43359375 0.0984375 0.059375
1 0.28203125 0.4546875 0.090625 0.05625
1 0.06015625 0.3984375 0.053125 0.021875
1 0.08046875 0.33984375 0.04375 0.0296875
1 0.0734375 0.2796875 0.0578125 0.0375
0 0.203125 0.2859375 0.0828125 0.0578125
0 0.29765625 0.33359375 0.096875 0.0421875
1 0.4125 0.30078125 0.1125 0.08125
1 0.22109375 0.25625 0.0765625 0.040625
0 0.10546875 0.221875 0.046875 0.0296875
1 0.55546875 0.328125 0.08125 0.0421875
1 0.62265625 0.27265625 0.184375 0.1125
1 0.734375 0.1625 0.5 0.325
1 0.35 0.1171875 0.1234375 0.0796875
0 0.4078125 0.0203125 0.103125 0.040625
1 0.340625 0.06796875 0.10625 0.053125
1 0.40625 0.23828125 0.084375 0.0671875
1 0.27265625 0.1546875 0.0921875 0.065625
1 0.17109375 0.1515625 0.0953125 0.0609375
0 0.15703125 0.1015625 0.0859375 0.0453125
1 0.21171875 0.025 0.0625 0.03125