0 0.12421875 0.7984375 0.165625 0.3
0 0.06328125 0.5875 0.103125 0.1390625
1 0.04375 0.3890625 0.08125 0.096875
1 0.13984375 0.36796875 0.0890625 0.1671875
1 0.2078125 0.34453125 0.040625 0.084375
0 0.27421875 0.41171875 0.09375 0.171875
1 0.34453125 0.678125 0.1125 0.1921875
1 0.4421875 0.646875 0.0859375 0.14375
1 0.58671875 0.63828125 0.1328125 0.2296875
1 0.49609375 0.44140625 0.0421875 0.146875
0 0.3578125 0.36171875 0.065625 0.134375
1 0.45234375 0.309375 0.0703125 0.125
0 0.58203125 0.2796875 0.0625 0.1140625
0 0.21015625 0.18359375 0.053125 0.1
1 0.1734375 0.20390625 0.034375 0.084375
1 0.121875 0.13671875 0.040625 0.075
1 0.02890625 0.20625 0.0578125 0.1171875
0 0.07265625 0.19765625 0.0375 0.075
1 0.19453125 0.0421875 0.028125 0.046875
1 0.24296875 0.1171875 0.021875 0.046875
1 0.2625 0.1875 0.04375 0.084375
1 0.409375 0.31875 0.040625 0.103125
1 0.37890625 0.2140625 0.0375 0.0625
1 0.33359375 0.1625 0.0375 0.059375
1 0.37578125 0.1546875 0.04375 0.05625
1 0.33203125 0.05390625 0.025 0.05625
1 0.29140625 0.05859375 0.0109375 0.0390625
1 0.39453125 0.078125 0.021875 0.046875
1 0.4109375 0.1140625 0.0296875 0.046875
0 0.478125 0.121875 0.0375 0.071875
1 0.5109375 0.20625 0.0421875 0.0921875
1 0.503125 0.27734375 0.040625 0.084375
1 0.515625 0.04921875 0.0125 0.0515625
1 0.57734375 0.0578125 0.021875 0.040625
1 0.63515625 0.0390625 0.028125 0.053125
0 0.65390625 0.16796875 0.04375 0.0765625
0 0.625 0.26953125 0.025 0.09375
1 0.67890625 0.37578125 0.0625 0.103125
1 0.6859375 0.1796875 0.028125 0.071875
0 0.69765625 0.059375 0.021875 0.04375
1 0.6796875 0.521875 0.028125 0.0765625
1 0.746875 0.57734375 0.08125 0.171875
1 0.87734375 0.66640625 0.2453125 0.4609375
1 0.846875 0.2796875 0.059375 0.1140625
0 0.9546875 0.31875 0.025 0.1
1 0.89375 0.2609375 0.034375 0.1015625
1 0.7390625 0.3578125 0.053125 0.075
1 0.7953125 0.2109375 0.05 0.084375
1 0.7796875 0.1109375 0.0453125 0.0875
0 0.82578125 0.0875 0.0296875 0.08125
1 0.9109375 0.1265625 0.0203125 0.059375