1 0.11875 0.61171875 0.0703125 0.0859375
1 0.24609375 0.56171875 0.0609375 0.078125
1 0.31171875 0.53359375 0.046875 0.0734375
1 0.38046875 0.82265625 0.075 0.1
1 0.471875 0.47265625 0.065625 0.0875
1 0.76640625 0.46171875 0.0796875 0.109375
1 0.93125 0.53203125 0.0390625 0.075
1 0.5296875 0.39140625 0.0359375 0.075
1 0.621875 0.3546875 0.025 0.0625
1 0.559375 0.26015625 0.0359375 0.05625
1 0.46171875 0.22890625 0.0265625 0.046875
1 0.16015625 0.4421875 0.034375 0.065625
0 0.26953125 0.36796875 0.0359375 0.046875
1 0.1484375 0.36171875 0.0265625 0.0390625
1 0.3546875 0.4171875 0.0421875 0.0578125
1 0.3109375 0.25859375 0.021875 0.04375
1 0.15 0.2515625 0.025 0.04375
1 0.20859375 0.3203125 0.025 0.0375
1 0.09453125 0.34140625 0.021875 0.0390625
1 0.07578125 0.28203125 0.01875 0.03125
1 0.22265625 0.21328125 0.021875 0.03125