1 0.52578125 0.190625 0.153125 0.090625
0 0.44453125 0.365625 0.4484375 0.2375
1 0.6234375 0.078125 0.1234375 0.071875
0 0.79140625 0.13828125 0.10625 0.05625
0 0.64609375 0.20625 0.096875 0.0609375
1 0.71953125 0.26015625 0.084375 0.0578125
1 0.7484375 0.32578125 0.0921875 0.0703125
1 0.70703125 0.40703125 0.0859375 0.0546875
1 0.640625 0.459375 0.1125 0.06875
1 0.6359375 0.53359375 0.090625 0.075
0 0.82421875 0.43359375 0.075 0.0421875
1 0.8921875 0.3453125 0.0453125 0.025
1 0.91640625 0.428125 0.0453125 0.0265625
1 0.559375 0.6703125 0.1625 0.1046875
1 0.76484375 0.10546875 0.0875 0.04375
1 0.796875 0.23828125 0.071875 0.0515625
1 0.94921875 0.5359375 0.0328125 0.01875
1 0.12421875 0.83125 0.1953125 0.084375
1 0.4890625 0.84140625 0.178125 0.1015625
1 0.74140625 0.80546875 0.1078125 0.0765625
1 0.603125 0.80859375 0.0953125 0.0453125
1 0.8140625 0.75 0.103125 0.0515625
1 0.85859375 0.8390625 0.071875 0.040625