1 0.2703125 0.82421875 0.1046875 0.09375
1 0.35859375 0.7203125 0.09375 0.0828125
1 0.40703125 0.6671875 0.084375 0.06875
1 0.15625 0.5078125 0.11875 0.103125
1 0.51640625 0.53515625 0.1046875 0.090625
1 0.62265625 0.2609375 0.1296875 0.1109375
1 0.61015625 0.08203125 0.084375 0.0609375
1 0.6125 0.50703125 0.0828125 0.0578125
1 0.67734375 0.43203125 0.0671875 0.04375
1 0.74609375 0.521875 0.065625 0.0515625
1 0.74375 0.62421875 0.053125 0.040625
1 0.44375 0.83984375 0.0734375 0.053125
0 0.55 0.7609375 0.05625 0.05
1 0.51640625 0.87734375 0.0453125 0.0375
1 0.53125 0.6640625 0.06875 0.059375
1 0.66640625 0.75703125 0.0484375 0.034375
1 0.62109375 0.91171875 0.05 0.0375
1 0.575 0.834375 0.04375 0.0359375
1 0.51796875 0.93515625 0.04375 0.0328125
1 0.56796875 0.971875 0.0359375 0.028125
1 0.68046875 0.85546875 0.0359375 0.03125