1 0.23203125 0.8703125 0.0953125 0.0703125
0 0.31484375 0.72890625 0.0796875 0.059375
1 0.2453125 0.6140625 0.0921875 0.0671875
1 0.65625 0.6625 0.2125 0.1359375
1 0.459375 0.58671875 0.14375 0.1078125
1 0.2625 0.425 0.0640625 0.0390625
1 0.45546875 0.37578125 0.16875 0.115625
0 0.23828125 0.27890625 0.0734375 0.0453125
1 0.34140625 0.2734375 0.08125 0.0578125
1 0.496875 0.2234375 0.1015625 0.071875
1 0.3328125 0.17421875 0.0890625 0.0671875
1 0.59375 0.1203125 0.1828125 0.1421875
1 0.290625 0.02734375 0.065625 0.046875
1 0.28203125 0.08359375 0.071875 0.0515625
1 0.52578125 0.9734375 0.1234375 0.053125