1 0.3515625 0.06796875 0.09375 0.0671875
0 0.390625 0.2265625 0.078125 0.05625
1 0.28984375 0.31640625 0.090625 0.0625
1 0.696875 0.390625 0.2078125 0.1265625
1 0.48671875 0.40546875 0.140625 0.1015625
1 0.25078125 0.50234375 0.0625 0.0359375
1 0.42109375 0.60625 0.1640625 0.109375
0 0.18515625 0.63515625 0.071875 0.0421875
1 0.28203125 0.6703125 0.0796875 0.0546875
1 0.41640625 0.76328125 0.1 0.0671875
1 0.2453125 0.76328125 0.0875 0.0625
1 0.47890625 0.890625 0.178125 0.134375
1 0.16171875 0.890625 0.0640625 0.04375
1 0.1703125 0.83515625 0.0703125 0.0484375
1 0.66640625 0.04453125 0.121875 0.06875