1 0.0890625 0.3 0.05625 0.0875
0 0.2421875 0.3578125 0.046875 0.0734375
1 0.34375 0.26875 0.053125 0.084375
1 0.3671875 0.68203125 0.103125 0.196875
1 0.4078125 0.475 0.0859375 0.13125
1 0.5328125 0.253125 0.0296875 0.059375
1 0.61484375 0.434375 0.090625 0.1546875
0 0.67265625 0.20390625 0.034375 0.06875
1 0.6953125 0.3046875 0.0453125 0.075
1 0.771875 0.44921875 0.05625 0.09375
1 0.7921875 0.27890625 0.053125 0.08125
1 0.890625 0.5265625 0.115625 0.165625
1 0.92890625 0.21171875 0.0375 0.059375
1 0.87265625 0.21328125 0.040625 0.065625
1 0.02734375 0.609375 0.0546875 0.115625