0 0.9203125 0.13203125 0.0703125 0.0515625
1 0.93828125 0.196875 0.10625 0.0921875
0 0.9203125 0.24765625 0.0609375 0.046875
0 0.865625 0.23359375 0.078125 0.04375
0 0.7390625 0.11796875 0.0703125 0.05
1 0.61484375 0.10859375 0.109375 0.084375
1 0.49296875 0.125 0.11875 0.090625
0 0.13671875 0.15390625 0.1125 0.1078125
0 0.98515625 0.43359375 0.0296875 0.0421875
0 0.88515625 0.41015625 0.0796875 0.0609375
1 0.8421875 0.45 0.10625 0.0640625
1 0.8125 0.503125 0.1265625 0.1109375
0 0.690625 0.31015625 0.075 0.0609375
1 0.5171875 0.3296875 0.1 0.071875
1 0.49765625 0.40859375 0.096875 0.0671875
0 0.78125 0.58828125 0.0625 0.05
0 0.7765625 0.6421875 0.1046875 0.0890625
1 0.70546875 0.6890625 0.14375 0.125
0 0.79921875 0.77890625 0.1 0.071875
0 0.74609375 0.84765625 0.0703125 0.0515625
1 0.71328125 0.96640625 0.1453125 0.0671875
1 0.56953125 0.934375 0.1703125 0.13125
0 0.984375 0.43515625 0.03125 0.0453125