1 0.5765625 0.01171875 0.1125 0.0234375
0 0.60234375 0.0234375 0.0609375 0.046875
0 0.5546875 0.05078125 0.0765625 0.05625
0 0.38359375 0.0640625 0.0703125 0.059375
1 0.2921875 0.14921875 0.1125 0.096875
1 0.22109375 0.24921875 0.121875 0.1046875
0 0.0296875 0.52890625 0.059375 0.1171875
0 0.79140625 0.090625 0.0578125 0.0484375
0 0.696875 0.15703125 0.08125 0.0703125
1 0.696875 0.215625 0.1046875 0.078125
1 0.715625 0.2734375 0.1328125 0.1234375
0 0.49140625 0.23125 0.078125 0.06875
1 0.3875 0.37109375 0.1015625 0.084375
1 0.43203125 0.43984375 0.096875 0.0796875
0 0.75625 0.3546875 0.0640625 0.05625
0 0.79296875 0.39453125 0.109375 0.0984375
1 0.778125 0.47890625 0.1515625 0.1390625
0 0.90859375 0.47109375 0.1015625 0.0828125
0 0.921875 0.55703125 0.071875 0.0609375
1 0.96796875 0.6859375 0.0640625 0.153125
1 0.871875 0.7515625 0.178125 0.165625
0 0.78984375 0.09453125 0.0515625 0.05