0 0.0203125 0.2140625 0.034375 0.0625
1 0.0765625 0.1765625 0.0671875 0.090625
0 0.1296875 0.178125 0.03125 0.053125
0 0.13359375 0.234375 0.021875 0.075
0 0.0625 0.390625 0.0328125 0.0625
1 0.0921875 0.51171875 0.0578125 0.096875
1 0.1453125 0.62265625 0.0609375 0.1046875
0 0.2828125 0.95234375 0.084375 0.090625
0 0.2828125 0.046875 0.028125 0.05
0 0.2953125 0.16171875 0.040625 0.0703125
1 0.346875 0.18984375 0.034375 0.1
1 0.40625 0.2015625 0.0828125 0.10625
0 0.2609375 0.37734375 0.0421875 0.065625
1 0.3328125 0.5359375 0.046875 0.090625
1 0.4140625 0.53046875 0.0421875 0.0875
0 0.496875 0.20546875 0.034375 0.0546875
0 0.55 0.19296875 0.0640625 0.0890625
1 0.61640625 0.24609375 0.0921875 0.121875
0 0.67265625 0.12890625 0.0453125 0.090625
0 0.7546875 0.15859375 0.034375 0.0625
1 0.9125 0.140625 0.109375 0.1171875
1 0.9 0.296875 0.109375 0.14375
0 0.2859375 0.05 0.034375 0.040625