0 0.025 0.2015625 0.05 0.053125
0 0.15390625 0.2421875 0.0734375 0.059375
0 0.30546875 0.2 0.0875 0.0671875
1 0.471875 0.13359375 0.08125 0.0640625
0 0.15234375 0.54375 0.0734375 0.053125
1 0.29375 0.4703125 0.0765625 0.0625
1 0.39609375 0.4890625 0.0734375 0.059375
1 0.56328125 0.4296875 0.0875 0.06875
1 0.1203125 0.82578125 0.0703125 0.05625
1 0.23671875 0.8828125 0.075 0.0625
0 0.35625 0.84296875 0.0609375 0.053125
0 0.46875 0.71328125 0.0796875 0.0609375
1 0.68125 0.76015625 0.053125 0.05625