0 0.1078125 0.08671875 0.040625 0.0640625
0 0.17578125 0.21484375 0.046875 0.065625
0 0.16640625 0.371875 0.0515625 0.078125
1 0.1359375 0.5484375 0.05 0.071875
0 0.4703125 0.15078125 0.040625 0.0671875
1 0.428125 0.3046875 0.05 0.0671875
1 0.46796875 0.40078125 0.046875 0.065625
1 0.44453125 0.5765625 0.053125 0.078125
1 0.73984375 0.0609375 0.04375 0.0625
1 0.81953125 0.16328125 0.05 0.065625
0 0.80546875 0.28828125 0.04375 0.053125
0 0.70234375 0.425 0.046875 0.071875
1 0.7921875 0.6234375 0.0484375 0.04375