0 0.5890625 0.14296875 0.1234375 0.1
0 0.45703125 0.0921875 0.1015625 0.0859375
1 0.41015625 0.153125 0.0828125 0.0734375
0 0.44453125 0.23125 0.090625 0.0734375
1 0.359375 0.2296875 0.0953125 0.075
0 0.32421875 0.1375 0.1140625 0.0875
1 0.76015625 0.20625 0.1515625 0.1015625
0 0.78828125 0.28984375 0.1640625 0.1265625
0 0.8640625 0.3984375 0.1734375 0.1296875
1 0.89296875 0.52578125 0.2109375 0.165625
1 0.5640625 0.3875 0.146875 0.1109375
1 0.41015625 0.3203125 0.1046875 0.0921875
0 0.2546875 0.2515625 0.0796875 0.0625
1 0.22734375 0.34375 0.103125 0.0765625
1 0.2859375 0.346875 0.0921875 0.0625
1 0.2078125 0.38828125 0.09375 0.071875
0 0.13515625 0.42265625 0.090625 0.06875
0 0.1859375 0.49609375 0.128125 0.1015625
1 0.46875 0.44765625 0.11875 0.0921875
1 0.6328125 0.5078125 0.1203125 0.1
1 0.4828125 0.56171875 0.14375 0.1078125
0 0.78515625 0.6015625 0.115625 0.08125
0 0.8375 0.56953125 0.159375 0.0984375
1 0.8296875 0.765625 0.1875 0.146875
1 0.50078125 0.65625 0.1390625 0.1125
1 0.68515625 0.79921875 0.1609375 0.109375
1 0.3453125 0.62890625 0.109375 0.084375
1 0.425 0.74765625 0.1265625 0.0984375
0 0.08125 0.515625 0.1 0.0796875
0 0.19296875 0.56171875 0.075 0.0609375
0 0.08984375 0.57109375 0.0890625 0.071875
1 0.03203125 0.64375 0.0640625 0.0625
0 0.17265625 0.6453125 0.0921875 0.071875
1 0.37421875 0.81484375 0.1 0.09375
0 0.56875 0.946875 0.146875 0.10625