0 0.41171875 0.85703125 0.1109375 0.0734375
0 0.2703125 0.83984375 0.090625 0.0640625
1 0.2578125 0.7640625 0.0734375 0.05625
0 0.325 0.7109375 0.08125 0.053125
1 0.24921875 0.67265625 0.0875 0.053125
0 0.175 0.7375 0.10625 0.0609375
1 0.5921875 0.88125 0.146875 0.0625
0 0.65546875 0.82109375 0.153125 0.0875
0 0.7734375 0.7609375 0.1625 0.0890625
1 0.859375 0.66171875 0.1953125 0.115625
1 0.50390625 0.6296875 0.1359375 0.0765625
1 0.3359375 0.61640625 0.0921875 0.0703125
0 0.1671875 0.60390625 0.0734375 0.04375
1 0.1859375 0.51015625 0.096875 0.0515625
1 0.2390625 0.534375 0.090625 0.0390625
1 0.18984375 0.46171875 0.0875 0.05
0 0.14140625 0.396875 0.084375 0.046875
0 0.22109375 0.35546875 0.1171875 0.071875
1 0.44765625 0.53125 0.109375 0.065625
1 0.6203125 0.55546875 0.1078125 0.0734375
1 0.5140625 0.4375 0.134375 0.0734375
0 0.8 0.54453125 0.109375 0.053125
0 0.83046875 0.596875 0.159375 0.0546875
1 0.9140625 0.4203125 0.171875 0.103125
1 0.57421875 0.3625 0.128125 0.08125
1 0.80390625 0.32265625 0.1578125 0.065625
1 0.4234375 0.3140625 0.1015625 0.0578125
1 0.55 0.24609375 0.1171875 0.06875
0 0.1375 0.28984375 0.0921875 0.0578125
0 0.2578125 0.3015625 0.06875 0.04375
0 0.17109375 0.24453125 0.08125 0.0515625
1 0.14453125 0.1484375 0.0828125 0.040625
0 0.27890625 0.21796875 0.084375 0.05
1 0.53671875 0.1625 0.0859375 0.075
0 0.775 0.13046875 0.13125 0.0921875