1 0.8046875 0.40234375 0.2234375 0.15
1 0.1328125 0.45859375 0.1015625 0.059375
0 0.08515625 0.65703125 0.1109375 0.08125
1 0.3546875 0.60625 0.115625 0.071875
0 0.1140625 0.203125 0.0375 0.0234375
0 0.1171875 0.25703125 0.040625 0.0234375
0 0.071875 0.33828125 0.034375 0.025
1 0.1296875 0.75078125 0.0453125 0.0359375
1 0.0375 0.5953125 0.0453125 0.0328125
0 0.0375 0.50078125 0.046875 0.0234375
0 0.0078125 0.521875 0.015625 0.01875
1 0.14609375 0.30078125 0.0515625 0.0328125
1 0.21328125 0.31015625 0.1109375 0.0578125