1 0.93125 0.35078125 0.0578125 0.1046875
1 0.84296875 0.4046875 0.053125 0.0953125
1 0.6609375 0.36328125 0.0640625 0.1171875
1 0.61015625 0.334375 0.0484375 0.0859375
1 0.54296875 0.5640625 0.0609375 0.1015625
1 0.490625 0.3125 0.0375 0.0828125
1 0.45546875 0.31953125 0.0546875 0.0953125
1 0.40078125 0.34921875 0.046875 0.0828125
1 0.3609375 0.38046875 0.0515625 0.09375
1 0.296875 0.396875 0.065625 0.1078125
1 0.253125 0.278125 0.04375 0.08125
0 0.21171875 0.27578125 0.04375 0.06875
1 0.13828125 0.246875 0.0484375 0.0921875
1 0.08046875 0.26640625 0.0578125 0.1046875
1 0.72109375 0.29765625 0.040625 0.075
1 0.540625 0.3265625 0.040625 0.06875
1 0.65234375 0.2921875 0.04375 0.071875
1 0.1796875 0.271875 0.0296875 0.0546875