1 0.08359375 0.3140625 0.05 0.1
1 0.16640625 0.375 0.0453125 0.0921875
1 0.3515625 0.35 0.0546875 0.1125
1 0.4046875 0.32578125 0.040625 0.0828125
1 0.4515625 0.56015625 0.053125 0.096875
1 0.52578125 0.3140625 0.03125 0.0796875
1 0.56015625 0.32421875 0.046875 0.0921875
1 0.61171875 0.35859375 0.040625 0.0796875
1 0.64921875 0.39296875 0.04375 0.090625
1 0.71171875 0.41484375 0.05625 0.103125
1 0.765625 0.30078125 0.0375 0.078125
0 0.80703125 0.3015625 0.0375 0.065625
1 0.88203125 0.2796875 0.040625 0.0890625
1 0.93828125 0.30390625 0.05 0.1
1 0.29765625 0.27890625 0.034375 0.071875
1 0.475 0.3234375 0.034375 0.065625
1 0.36640625 0.2796875 0.0375 0.06875
1 0.8390625 0.30078125 0.025 0.053125