0 0.13671875 0.44296875 0.0640625 0.10625
0 0.14140625 0.30078125 0.05625 0.0859375
1 0.215625 0.28203125 0.05 0.06875
0 0.27421875 0.34375 0.046875 0.078125
1 0.30625 0.26484375 0.0453125 0.084375
0 0.23515625 0.196875 0.0515625 0.1015625
1 0.128125 0.625 0.05 0.14375
0 0.19375 0.6828125 0.075 0.146875
0 0.2640625 0.7953125 0.075 0.15625
1 0.3703125 0.871875 0.1 0.1875
1 0.37109375 0.51484375 0.065625 0.13125
1 0.36953125 0.346875 0.0625 0.0875
0 0.3671875 0.17734375 0.0375 0.0703125
1 0.4625 0.18828125 0.04375 0.09375
1 0.44296875 0.24296875 0.03125 0.0875
1 0.5109375 0.1875 0.0421875 0.084375
0 0.57109375 0.13359375 0.040625 0.08125
0 0.61953125 0.209375 0.0625 0.1125
1 0.4640625 0.45078125 0.05625 0.1046875
1 0.45546875 0.625 0.0640625 0.103125
1 0.56328125 0.50859375 0.0625 0.1296875
0 0.48203125 0.80234375 0.04375 0.10625
0 0.43203125 0.8375 0.040625 0.15625
1 0.615625 0.90703125 0.0890625 0.165625
1 0.64375 0.56171875 0.0703125 0.121875
1 0.703125 0.7875 0.053125 0.153125
1 0.67890625 0.4078125 0.05 0.096875
1 0.75703125 0.52734375 0.059375 0.1125
0 0.678125 0.1203125 0.05 0.0875
0 0.6765625 0.24140625 0.0375 0.065625
0 0.72578125 0.15 0.0453125 0.078125
1 0.81953125 0.11484375 0.034375 0.0796875
0 0.76171875 0.25546875 0.04375 0.08125
1 0.8390625 0.50703125 0.06875 0.0796875
0 0.8921875 0.74140625 0.08125 0.125