1 0.44375 0.95234375 0.1109375 0.0765625
1 0.478125 0.85546875 0.1015625 0.0703125
1 0.4 0.6859375 0.1234375 0.0859375
1 0.3609375 0.6421875 0.090625 0.0625
1 0.571875 0.52890625 0.1078125 0.0796875
1 0.31484375 0.5296875 0.0859375 0.053125
1 0.3140625 0.49375 0.1015625 0.071875
1 0.33203125 0.434375 0.0875 0.0625
1 0.35390625 0.38828125 0.1 0.06875
1 0.35703125 0.32265625 0.115625 0.084375
1 0.23203125 0.30390625 0.0859375 0.059375
0 0.2203125 0.2640625 0.0734375 0.0546875
1 0.17734375 0.19921875 0.096875 0.065625
1 0.184375 0.13828125 0.1109375 0.0765625
1 0.34765625 0.7578125 0.078125 0.053125
1 0.33828125 0.57578125 0.0734375 0.0515625
1 0.328125 0.6921875 0.0765625 0.05625
1 0.21015625 0.234375 0.0578125 0.0390625