1 0.81796875 0.5375 0.2328125 0.18125
1 0.14765625 0.61015625 0.1046875 0.075
0 0.0625 0.425 0.1171875 0.0953125
1 0.33671875 0.4234375 0.11875 0.0875
0 0.178125 0.86484375 0.0390625 0.028125
0 0.17109375 0.81171875 0.040625 0.0296875
0 0.1109375 0.740625 0.0359375 0.0296875
1 0.08828125 0.32421875 0.0484375 0.040625
1 0.02734375 0.49453125 0.046875 0.0390625
0 0.04609375 0.5875 0.0484375 0.03125
0 0.01015625 0.57265625 0.0203125 0.0234375
1 0.190625 0.76328125 0.053125 0.040625
1 0.2546875 0.740625 0.1109375 0.075