1 0.34609375 0.78046875 0.1125 0.20625
1 0.5296875 0.13203125 0.0421875 0.0953125
0 0.73359375 0.12265625 0.0625 0.1015625
1 0.63203125 0.37734375 0.0515625 0.1078125
0 0.28203125 0.06484375 0.0171875 0.034375
0 0.334375 0.078125 0.0171875 0.0375
0 0.42265625 0.04921875 0.01875 0.03125
1 0.8171875 0.184375 0.028125 0.040625
1 0.68203125 0.0640625 0.025 0.040625
0 0.5890625 0.04609375 0.015625 0.0453125
0 0.6171875 0.0140625 0.0140625 0.028125
1 0.371875 0.11484375 0.0234375 0.0484375
1 0.36875 0.18203125 0.0390625 0.1046875