1 0.71640625 0.928125 0.1609375 0.128125
1 0.4734375 0.82109375 0.171875 0.1328125
1 0.1265625 0.784375 0.1578125 0.1203125
1 0.47421875 0.68671875 0.1859375 0.1390625
1 0.1375 0.584375 0.1390625 0.115625
1 0.3984375 0.44453125 0.196875 0.14375
1 0.13203125 0.33359375 0.18125 0.13125
1 0.471875 0.38359375 0.1640625 0.1203125
1 0.32109375 0.1859375 0.1796875 0.1296875
1 0.78828125 0.2375 0.171875 0.1265625
1 0.94609375 0.16796875 0.1078125 0.0953125
1 0.73203125 0.0890625 0.1625 0.1140625
1 0.5 0.14140625 0.1765625 0.128125
1 0.453125 0.040625 0.184375 0.08125
1 0.209375 0.06328125 0.171875 0.1265625