1 0.96953125 0.2328125 0.0609375 0.11875
1 0.934375 0.33359375 0.13125 0.1328125
1 0.7 0.246875 0.1734375 0.1390625
1 0.42109375 0.05 0.1578125 0.1
1 0.60859375 0.34609375 0.1859375 0.1453125
1 0.2921875 0.19140625 0.140625 0.1203125
1 0.38828125 0.47109375 0.1984375 0.15
1 0.11796875 0.37109375 0.18125 0.1390625
1 0.4 0.56640625 0.1640625 0.1265625
1 0.1546875 0.60703125 0.1796875 0.1359375
1 0.53203125 0.8890625 0.171875 0.1328125
1 0.3890625 0.94921875 0.1625 0.1015625
1 0.25546875 0.76171875 0.1765625 0.134375
1 0.1328125 0.8265625 0.184375 0.146875
1 0.0375 0.62421875 0.075 0.1390625