1 0.053125 0.13046875 0.071875 0.134375
1 0.171875 0.15 0.084375 0.140625
1 0.1890625 0.41484375 0.0859375 0.1515625
1 0.1046875 0.75390625 0.078125 0.1390625
1 0.315625 0.46015625 0.0875 0.165625
1 0.296875 0.81171875 0.0796875 0.11875
1 0.5171875 0.6140625 0.0875 0.178125
1 0.53046875 0.90234375 0.08125 0.1625
1 0.6 0.56640625 0.075 0.146875
1 0.73359375 0.77578125 0.078125 0.1625
1 0.8453125 0.31875 0.0796875 0.153125
1 0.96953125 0.18125 0.0578125 0.121875
1 0.965625 0.42265625 0.0671875 0.1484375
1 0.83671875 0.62265625 0.078125 0.159375
1 0.94375 0.71015625 0.090625 0.1625
1 0.8140625 0.92265625 0.0875 0.1515625