1 0.3140625 0.91796875 0.075 0.046875
1 0.28203125 0.85390625 0.0625 0.0375
1 0.2484375 0.803125 0.0484375 0.0296875
1 0.32421875 0.73359375 0.071875 0.0484375
1 0.3140625 0.58125 0.071875 0.046875
1 0.24609375 0.49453125 0.134375 0.08125
1 0.2390625 0.396875 0.0875 0.0421875
1 0.32265625 0.30546875 0.046875 0.028125
1 0.278125 0.2390625 0.071875 0.0421875
1 0.32890625 0.1484375 0.0625 0.0359375
1 0.3015625 0.0640625 0.0625 0.034375
1 0.29140625 0.0296875 0.0484375 0.0203125
1 0.23671875 0.721875 0.0359375 0.028125