1 0.08203125 0.3140625 0.046875 0.075
1 0.14609375 0.28203125 0.0375 0.0625
1 0.196875 0.2484375 0.0296875 0.0484375
1 0.26640625 0.32421875 0.0484375 0.071875
1 0.41875 0.3140625 0.046875 0.071875
1 0.50546875 0.24609375 0.08125 0.134375
1 0.603125 0.2390625 0.0421875 0.0875
1 0.69453125 0.32265625 0.028125 0.046875
1 0.7609375 0.278125 0.0421875 0.071875
1 0.8515625 0.32890625 0.0359375 0.0625
1 0.9359375 0.3015625 0.034375 0.0625
1 0.9703125 0.29140625 0.0203125 0.0484375
1 0.278125 0.23671875 0.028125 0.0359375