1 0.721875 0.17265625 0.203125 0.175
1 0.89609375 0.36484375 0.2078125 0.1953125
1 0.55234375 0.32109375 0.1234375 0.1046875
1 0.5890625 0.2515625 0.08125 0.0734375
1 0.44140625 0.25703125 0.090625 0.075
1 0.4234375 0.371875 0.103125 0.0796875
1 0.40859375 0.32421875 0.0546875 0.0453125
1 0.5078125 0.47890625 0.1375 0.1125
1 0.34765625 0.56171875 0.1375 0.1125
1 0.2453125 0.68125 0.10625 0.084375
1 0.47890625 0.77734375 0.1671875 0.14375
1 0.6984375 0.9390625 0.246875 0.121875
1 0.22421875 0.8 0.0828125 0.0671875
1 0.26640625 0.88828125 0.08125 0.0734375
1 0.4984375 0.9609375 0.228125 0.078125
1 0.346875 0.63359375 0.08125 0.0671875
1 0.175 0.846875 0.0578125 0.053125