1 0.29609375 0.1609375 0.2015625 0.16875
1 0.10703125 0.34375 0.2140625 0.1875
1 0.45703125 0.31875 0.1234375 0.1
1 0.42421875 0.24765625 0.0796875 0.0703125
1 0.57109375 0.2609375 0.090625 0.0734375
1 0.5828125 0.3765625 0.103125 0.075
1 0.60078125 0.3296875 0.0546875 0.04375
1 0.49296875 0.478125 0.1375 0.109375
1 0.6484375 0.56953125 0.1375 0.109375
1 0.74453125 0.69453125 0.10625 0.08125
1 0.50625 0.778125 0.165625 0.1390625
1 0.2765625 0.93515625 0.24375 0.1296875
1 0.76015625 0.8140625 0.08125 0.0640625
1 0.71328125 0.9 0.08125 0.071875
1 0.47421875 0.9625 0.2296875 0.075
1 0.64609375 0.64140625 0.08125 0.065625
1 0.80625 0.86328125 0.0578125 0.0515625