1 0.45234375 0.9546875 0.0859375 0.0671875
1 0.40234375 0.90390625 0.0703125 0.0546875
1 0.3546875 0.86640625 0.0546875 0.04375
1 0.4046875 0.7765625 0.0828125 0.06875
1 0.3484375 0.634375 0.0828125 0.0671875
1 0.25703125 0.5734375 0.153125 0.11875
1 0.2203125 0.4828125 0.096875 0.0671875
1 0.27109375 0.36953125 0.053125 0.040625
1 0.20859375 0.3203125 0.08125 0.0625
1 0.22890625 0.21875 0.0703125 0.053125
1 0.1765625 0.146875 0.0703125 0.0515625
1 0.15625 0.1171875 0.0515625 0.034375
1 0.31796875 0.7921875 0.0421875 0.0375