1 0.109375 0.5625 0.1125 0.171875
1 0.2046875 0.8140625 0.121875 0.2
1 0.315625 0.471875 0.065625 0.10625
1 0.2375 0.47578125 0.05 0.065625
1 0.3046875 0.34453125 0.046875 0.078125
1 0.41640625 0.3765625 0.04375 0.09375
1 0.3796875 0.34296875 0.028125 0.046875
1 0.47734375 0.4984375 0.06875 0.1203125
1 0.6203125 0.38828125 0.06875 0.1203125
1 0.771875 0.34609375 0.05 0.09375
1 0.76015625 0.5984375 0.09375 0.140625
1 0.8578125 0.8859375 0.146875 0.203125
1 0.88828125 0.3765625 0.040625 0.071875
1 0.95078125 0.45234375 0.05 0.0671875
1 0.9578125 0.71171875 0.08125 0.2140625
1 0.6859375 0.41796875 0.0421875 0.0703125
1 0.9515625 0.35234375 0.0375 0.046875