1 0.1171875 0.4390625 0.140625 0.2546875
1 0.43046875 0.62734375 0.11875 0.25
1 0.534375 0.7515625 0.0734375 0.1890625
1 0.66171875 0.7890625 0.125 0.228125
1 0.8140625 0.71484375 0.0890625 0.203125
1 0.653125 0.3625 0.065625 0.14375
1 0.71875 0.31953125 0.0640625 0.11875
1 0.509375 0.2625 0.04375 0.109375
1 0.55703125 0.19765625 0.05 0.096875
1 0.47421875 0.33359375 0.065625 0.0953125
1 0.59609375 0.07734375 0.040625 0.06875
1 0.68125 0.0515625 0.0375 0.0609375
1 0.5328125 0.06171875 0.0359375 0.0640625