1 0.56015625 0.1171875 0.2859375 0.2125
1 0.64296875 0.4734375 0.275 0.190625
1 0.72890625 0.61015625 0.203125 0.128125
1 0.725 0.74296875 0.25625 0.1890625
1 0.60703125 0.86484375 0.2203125 0.146875
1 0.321875 0.603125 0.15625 0.10625
1 0.2609375 0.65234375 0.1328125 0.096875
1 0.27109375 0.43515625 0.1171875 0.075
1 0.19453125 0.4609375 0.1078125 0.078125
1 0.35 0.42421875 0.1109375 0.0921875
1 0.06796875 0.4609375 0.078125 0.059375
1 0.02578125 0.53359375 0.0515625 0.0546875
1 0.07265625 0.39609375 0.071875 0.0546875