1 0.38671875 0.1296875 0.271875 0.175
1 0.61640625 0.41328125 0.2640625 0.153125
1 0.75390625 0.49921875 0.196875 0.0984375
1 0.80859375 0.61953125 0.24375 0.15625
1 0.75625 0.78125 0.2140625 0.1171875
1 0.38515625 0.67109375 0.1515625 0.084375
1 0.3515625 0.74140625 0.1265625 0.0796875
1 0.26640625 0.5421875 0.1140625 0.0578125
1 0.20859375 0.5984375 0.103125 0.0625
1 0.33125 0.49765625 0.103125 0.078125
1 0.09453125 0.65390625 0.0734375 0.05
1 0.08125 0.7421875 0.065625 0.0453125
1 0.0703125 0.59375 0.06875 0.04375