1 0.04609375 0.265625 0.05 0.1
1 0.10703125 0.246875 0.059375 0.096875
1 0.27578125 0.14609375 0.046875 0.09375
1 0.23671875 0.3421875 0.04375 0.103125
1 0.3140625 0.29921875 0.05 0.1
1 0.3953125 0.309375 0.05625 0.103125
1 0.44765625 0.23046875 0.05625 0.0921875
1 0.51015625 0.284375 0.059375 0.1
1 0.5703125 0.25 0.059375 0.103125
1 0.6921875 0.27890625 0.046875 0.0875
1 0.74609375 0.284375 0.04375 0.10625
1 0.83828125 0.25078125 0.065625 0.1125
1 0.94296875 0.2375 0.059375 0.10625
1 0.34140625 0.196875 0.053125 0.0921875
1 0.9875 0.38125 0.021875 0.08125