1 0.2046875 0.0828125 0.10625 0.0640625
1 0.19453125 0.14609375 0.1046875 0.071875
1 0.11796875 0.32734375 0.1 0.059375
1 0.30703125 0.2609375 0.1078125 0.0578125
1 0.275 0.34375 0.10625 0.0640625
1 0.296875 0.42265625 0.109375 0.0703125
1 0.22578125 0.4859375 0.0984375 0.06875
1 0.2875 0.53984375 0.1078125 0.0734375
1 0.2625 0.6046875 0.1109375 0.0734375
1 0.3078125 0.72109375 0.09375 0.059375
1 0.32109375 0.7734375 0.1109375 0.0578125
1 0.3 0.86953125 0.1203125 0.08125
1 0.30078125 0.96875 0.1140625 0.0625
1 0.178125 0.38515625 0.0984375 0.065625
1 0.44921875 0.99140625 0.0828125 0.0171875