1 0.1125 0.1671875 0.1109375 0.084375
1 0.11796875 0.23046875 0.1125 0.090625
1 0.0875 0.425 0.1046875 0.078125
1 0.2546875 0.31484375 0.1125 0.0796875
1 0.24453125 0.403125 0.1109375 0.084375
1 0.284375 0.47421875 0.1171875 0.090625
1 0.23046875 0.55234375 0.10625 0.0859375
1 0.30390625 0.58984375 0.115625 0.0921875
1 0.29453125 0.65859375 0.1171875 0.09375
1 0.3671875 0.7609375 0.0984375 0.0765625
1 0.3921875 0.80859375 0.115625 0.0796875
1 0.3953125 0.90703125 0.128125 0.103125
1 0.42265625 0.98046875 0.1203125 0.0390625
1 0.159375 0.46640625 0.1046875 0.084375
1 0.57265625 0.9859375 0.0828125 0.028125