1 0.80390625 0.8703125 0.103125 0.0625
1 0.7359375 0.7953125 0.096875 0.0625
1 0.728125 0.61328125 0.1109375 0.0734375
1 0.73359375 0.55625 0.0921875 0.0578125
1 0.496875 0.5515625 0.1109375 0.0734375
1 0.72890625 0.4828125 0.0703125 0.0421875
1 0.72890625 0.4328125 0.0875 0.0421875
1 0.71171875 0.40234375 0.1 0.0578125
1 0.66953125 0.35625 0.0859375 0.0515625
1 0.6265625 0.3265625 0.1 0.0578125
1 0.59375 0.26640625 0.1203125 0.075
1 0.69765625 0.1953125 0.0828125 0.046875
0 0.68828125 0.15390625 0.065625 0.053125
1 0.70078125 0.07734375 0.0890625 0.0578125
1 0.66796875 0.028125 0.0984375 0.05625
1 0.78984375 0.58359375 0.071875 0.0484375
1 0.803125 0.6515625 0.0671875 0.046875