1 0.0828125 0.26484375 0.046875 0.096875
1 0.16796875 0.31875 0.046875 0.090625
1 0.34921875 0.2953125 0.05625 0.103125
1 0.40390625 0.2796875 0.04375 0.0859375
1 0.45 0.51171875 0.05625 0.103125
1 0.47734375 0.271875 0.03125 0.065625
1 0.5265625 0.2625 0.028125 0.084375
1 0.559375 0.27421875 0.0421875 0.09375
1 0.61171875 0.3078125 0.0375 0.08125
1 0.64921875 0.3453125 0.0421875 0.09375
1 0.7140625 0.3671875 0.05625 0.1125
1 0.765625 0.25234375 0.034375 0.078125
0 0.8078125 0.2546875 0.04375 0.059375
1 0.88125 0.22890625 0.04375 0.0828125
1 0.93828125 0.25234375 0.0484375 0.090625
1 0.3671875 0.22890625 0.0375 0.065625
1 0.2984375 0.228125 0.0375 0.0609375