1 0.7203125 0.925 0.0984375 0.05
1 0.66953125 0.83828125 0.0921875 0.05
1 0.69921875 0.6578125 0.1046875 0.059375
1 0.7171875 0.60390625 0.0875 0.046875
1 0.48671875 0.54921875 0.1046875 0.059375
1 0.72734375 0.53046875 0.0671875 0.0328125
1 0.73828125 0.48203125 0.0859375 0.03125
1 0.72734375 0.4484375 0.0953125 0.0453125
1 0.69609375 0.3953125 0.0828125 0.040625
1 0.66015625 0.35625 0.0953125 0.0453125
1 0.63984375 0.290625 0.1140625 0.059375
1 0.75703125 0.24296875 0.0796875 0.0375
0 0.75625 0.20078125 0.0609375 0.0453125
1 0.784375 0.128125 0.084375 0.046875
1 0.7625 0.0703125 0.0921875 0.0515625
1 0.76640625 0.6421875 0.0671875 0.0390625
1 0.76484375 0.7109375 0.0625 0.0390625