1 0.071875 0.06640625 0.0265625 0.046875
1 0.14765625 0.0515625 0.025 0.0390625
1 0.309375 0.0828125 0.0265625 0.05625
1 0.42734375 0.0296875 0.028125 0.0453125
1 0.065625 0.20078125 0.03125 0.053125
1 0.1453125 0.16796875 0.03125 0.046875
1 0.2796875 0.16015625 0.0296875 0.05
1 0.3015625 0.22890625 0.028125 0.0453125
1 0.23984375 0.3078125 0.0328125 0.0453125
1 0.078125 0.29140625 0.0359375 0.0546875
1 0.034375 0.3609375 0.034375 0.0546875
1 0.10390625 0.4125 0.034375 0.0453125
1 0.1015625 0.484375 0.0296875 0.059375
1 0.16328125 0.51484375 0.034375 0.0578125
1 0.171875 0.596875 0.04375 0.0640625
1 0.1234375 0.79765625 0.0453125 0.059375
1 0.1484375 0.9234375 0.0453125 0.071875
1 0.2515625 0.87109375 0.0453125 0.0578125
1 0.3265625 0.5015625 0.040625 0.0546875
1 0.346875 0.35859375 0.03125 0.0484375
1 0.3765625 0.81875 0.046875 0.0734375
1 0.44140625 0.5625 0.0375 0.0671875
1 0.5 0.09765625 0.028125 0.034375
1 0.52421875 0.15546875 0.028125 0.0453125
1 0.58828125 0.1109375 0.028125 0.0453125
1 0.56171875 0.2015625 0.03125 0.046875
1 0.6578125 0.18984375 0.0296875 0.0453125
1 0.6328125 0.25078125 0.034375 0.0578125
1 0.596875 0.403125 0.034375 0.05625
1 0.5484375 0.49375 0.034375 0.0640625
1 0.7140625 0.79296875 0.04375 0.0734375
1 0.76796875 0.3765625 0.0359375 0.0625
1 0.79609375 0.546875 0.0375 0.0578125
1 0.7859375 0.04375 0.028125 0.0390625
1 0.8125 0.02421875 0.021875 0.0453125
0 0.92578125 0.06171875 0.021875 0.0453125
1 0.83828125 0.1109375 0.0265625 0.0375
1 0.95546875 0.35 0.028125 0.0390625
1 0.89609375 0.4921875 0.034375 0.0578125
1 0.91640625 0.68984375 0.0296875 0.0546875
1 0.95234375 0.7390625 0.040625 0.05625