1 0.93359375 0.071875 0.046875 0.0265625
1 0.9484375 0.14765625 0.0390625 0.025
1 0.9171875 0.309375 0.05625 0.0265625
1 0.9703125 0.42734375 0.0453125 0.028125
1 0.79921875 0.065625 0.053125 0.03125
1 0.83203125 0.1453125 0.046875 0.03125
1 0.83984375 0.2796875 0.05 0.0296875
1 0.77109375 0.3015625 0.0453125 0.028125
1 0.6921875 0.23984375 0.0453125 0.0328125
1 0.70859375 0.078125 0.0546875 0.0359375
1 0.6390625 0.034375 0.0546875 0.034375
1 0.5875 0.10390625 0.0453125 0.034375
1 0.515625 0.1015625 0.059375 0.0296875
1 0.48515625 0.16328125 0.0578125 0.034375
1 0.403125 0.171875 0.0640625 0.04375
1 0.20234375 0.1234375 0.059375 0.0453125
1 0.0765625 0.1484375 0.071875 0.0453125
1 0.12890625 0.2515625 0.0578125 0.0453125
1 0.4984375 0.3265625 0.0546875 0.040625
1 0.64140625 0.346875 0.0484375 0.03125
1 0.18125 0.3765625 0.0734375 0.046875
1 0.4375 0.44140625 0.0671875 0.0375
1 0.90234375 0.5 0.034375 0.028125
1 0.84453125 0.52421875 0.0453125 0.028125
1 0.8890625 0.58828125 0.0453125 0.028125
1 0.7984375 0.56171875 0.046875 0.03125
1 0.81015625 0.6578125 0.0453125 0.0296875
1 0.74921875 0.6328125 0.0578125 0.034375
1 0.596875 0.596875 0.05625 0.034375
1 0.50625 0.5484375 0.0640625 0.034375
1 0.20703125 0.7140625 0.0734375 0.04375
1 0.6234375 0.76796875 0.0625 0.0359375
1 0.453125 0.79609375 0.0578125 0.0375
1 0.95625 0.7859375 0.0390625 0.028125
1 0.97578125 0.8125 0.0453125 0.021875
0 0.93828125 0.92578125 0.0453125 0.021875
1 0.8890625 0.83828125 0.0375 0.0265625
1 0.65 0.95546875 0.0390625 0.028125
1 0.5078125 0.89609375 0.0578125 0.034375
1 0.31015625 0.91640625 0.0546875 0.0296875
1 0.2609375 0.95234375 0.05625 0.040625