1 0.48046875 0.95859375 0.0484375 0.0625
1 0.3515625 0.95234375 0.0453125 0.053125
1 0.7515625 0.9640625 0.0515625 0.0609375
1 0.665625 0.95703125 0.0484375 0.05625
1 0.5421875 0.903125 0.0484375 0.0578125
1 0.55390625 0.83125 0.0453125 0.053125
1 0.64453125 0.7890625 0.05 0.0546875
1 0.78125 0.87734375 0.05625 0.065625
1 0.8515625 0.83515625 0.0546875 0.0640625
1 0.81328125 0.7578125 0.0515625 0.05625
1 0.84765625 0.69453125 0.053125 0.065625
1 0.80703125 0.63984375 0.05625 0.0671875
1 0.83671875 0.5625 0.06875 0.0765625
1 0.96796875 0.40546875 0.0640625 0.0734375
1 0.984375 0.28125 0.03125 0.084375
1 0.88984375 0.28203125 0.0671875 0.071875
1 0.65546875 0.57734375 0.0609375 0.0671875
1 0.571875 0.6953125 0.05 0.0578125
1 0.7546875 0.271875 0.075 0.0859375
1 0.58046875 0.47109375 0.0640625 0.0765625
1 0.3171875 0.85859375 0.040625 0.04375
1 0.321875 0.79609375 0.0453125 0.053125
1 0.24453125 0.80625 0.0453125 0.053125
1 0.309375 0.7375 0.0484375 0.05625
1 0.21875 0.7046875 0.046875 0.053125
1 0.26875 0.66171875 0.05625 0.0671875
1 0.36953125 0.5421875 0.05625 0.065625
1 0.45390625 0.48359375 0.059375 0.0734375
1 0.4421875 0.14140625 0.071875 0.0859375
1 0.20546875 0.48828125 0.0609375 0.071875
1 0.2578125 0.3234375 0.059375 0.06875
1 0.03828125 0.7765625 0.0421875 0.046875
1 0.0125 0.78125 0.025 0.05
1 0.021875 0.69296875 0.040625 0.0453125
1 0.02578125 0.4265625 0.0421875 0.046875
1 0.14375 0.32734375 0.05625 0.0671875
1 0.21484375 0.1421875 0.0515625 0.0625
1 0.20546875 0.08125 0.0625 0.06875