1 0.34609375 0.846875 0.246875 0.196875
1 0.30234375 0.5046875 0.234375 0.190625
1 0.23515625 0.36953125 0.1765625 0.1203125
1 0.253125 0.23828125 0.2328125 0.184375
1 0.359375 0.11796875 0.18125 0.140625
1 0.58515625 0.3671875 0.1375 0.1046875
1 0.64453125 0.31796875 0.1265625 0.1
1 0.61875 0.5328125 0.0984375 0.0734375
1 0.68515625 0.5 0.1 0.08125
1 0.8 0.50078125 0.075 0.0578125
1 0.84609375 0.42890625 0.06875 0.0546875
1 0.79375 0.56484375 0.0703125 0.0546875
1 0.85234375 0.5375 0.05 0.0421875
1 0.8859375 0.47734375 0.05625 0.0484375
1 0.92578125 0.39375 0.0484375 0.0453125
1 0.98203125 0.228125 0.0359375 0.034375