1 0.121875 0.5328125 0.134375 0.215625
1 0.43125 0.68515625 0.13125 0.203125
1 0.53671875 0.79296875 0.071875 0.1625
1 0.6671875 0.81875 0.125 0.203125
1 0.815625 0.7578125 0.09375 0.159375
1 0.653125 0.4625 0.06875 0.121875
1 0.71875 0.42265625 0.06875 0.109375
1 0.5078125 0.37734375 0.046875 0.0875
1 0.56015625 0.325 0.05625 0.0859375
1 0.596875 0.21640625 0.0375 0.0671875
1 0.6796875 0.19609375 0.0375 0.059375
1 0.534375 0.2015625 0.0375 0.0609375
1 0.57890625 0.1546875 0.0296875 0.0421875
1 0.646875 0.1421875 0.034375 0.046875
1 0.7390625 0.13203125 0.034375 0.0390625
1 0.9140625 0.13125 0.025 0.03125