1 0.85390625 0.6359375 0.215625 0.253125
1 0.64296875 0.3640625 0.20625 0.240625
1 0.5953125 0.2203125 0.1359375 0.178125
1 0.48984375 0.13984375 0.2015625 0.2375
1 0.3296875 0.1296875 0.1546875 0.184375
1 0.34609375 0.46640625 0.115625 0.1390625
1 0.26953125 0.4734375 0.109375 0.128125
1 0.4390625 0.60703125 0.08125 0.0984375
1 0.36953125 0.63125 0.0875 0.1015625
1 0.28828125 0.7125 0.0625 0.0765625
1 0.20546875 0.69453125 0.059375 0.0703125
1 0.33828125 0.753125 0.0609375 0.071875
1 0.27734375 0.77578125 0.0453125 0.0515625
1 0.2109375 0.75703125 0.0515625 0.0578125
1 0.1234375 0.72578125 0.0484375 0.05