0 0.75078125 0.1546875 0.1421875 0.084375
0 0.615625 0.20078125 0.1109375 0.0765625
0 0.440625 0.18046875 0.1453125 0.0875
0 0.7609375 0.28359375 0.140625 0.078125
0 0.47421875 0.33046875 0.171875 0.096875
1 0.45 0.43984375 0.2578125 0.1234375
0 0.68359375 0.56875 0.140625 0.075
0 0.31875 0.58359375 0.16875 0.103125
0 0.48359375 0.62109375 0.1390625 0.084375
1 0.30234375 0.86015625 0.196875 0.10625
0 0.575 0.9703125 0.128125 0.059375
0 0.815625 0.740625 0.1125 0.0671875
0 0.7390625 0.91953125 0.0828125 0.053125
0 0.721875 0.51484375 0.10625 0.0703125