0 0.9203125 0.57421875 0.1046875 0.1484375
0 0.81953125 0.47265625 0.090625 0.1171875
0 0.7609375 0.30703125 0.1078125 0.1515625
0 0.809375 0.63984375 0.0984375 0.1453125
0 0.640625 0.40234375 0.121875 0.178125
1 0.53203125 0.42890625 0.1625 0.2625
0 0.51875 0.6953125 0.0953125 0.1453125
0 0.3453125 0.3734375 0.1265625 0.1765625
0 0.384375 0.53828125 0.1046875 0.1453125
1 0.08984375 0.48046875 0.1359375 0.203125
0 0.1046875 0.77734375 0.0875 0.1328125
0 0.421875 0.8890625 0.0828125 0.1171875
0 0.228125 0.89921875 0.0640625 0.0875
0 0.584375 0.70625 0.084375 0.1125