0 0.1234375 0.3 0.065625 0.134375
0 0.1875 0.42734375 0.0625 0.103125
0 0.1921875 0.603125 0.06875 0.1375
0 0.24921875 0.271875 0.0609375 0.1328125
0 0.3359375 0.54921875 0.075 0.1625
1 0.44765625 0.5578125 0.090625 0.246875
0 0.5421875 0.30859375 0.05625 0.134375
0 0.6078125 0.66796875 0.08125 0.159375
0 0.621875 0.49921875 0.0671875 0.13125
1 0.884375 0.6453125 0.08125 0.1875
0 0.96171875 0.35859375 0.053125 0.121875
0 0.69453125 0.15390625 0.053125 0.10625
0 0.88203125 0.2046875 0.0421875 0.078125
0 0.48359375 0.278125 0.05625 0.1