1 0.45859375 0.9609375 0.1734375 0.078125
1 0.55859375 0.84765625 0.2421875 0.21875
1 0.42421875 0.6515625 0.121875 0.1109375
1 0.27578125 0.6921875 0.1046875 0.0984375
1 0.334375 0.63671875 0.125 0.103125
1 0.27578125 0.5828125 0.1984375 0.178125
1 0.20703125 0.45625 0.1203125 0.1078125
0 0.0984375 0.546875 0.084375 0.075
0 0.125 0.4296875 0.0875 0.0765625
1 0.15390625 0.33203125 0.1375 0.1171875
1 0.2671875 0.18671875 0.1875 0.1703125
1 0.08984375 0.2828125 0.0953125 0.0859375
1 0.01953125 0.3625 0.0390625 0.08125