1 0.80390625 0.89375 0.1578125 0.1
1 0.640625 0.8234375 0.2109375 0.1578125
1 0.64609375 0.5859375 0.10625 0.0796875
1 0.79296875 0.5390625 0.0890625 0.0734375
1 0.71328125 0.52421875 0.1140625 0.06875
1 0.7328125 0.44765625 0.171875 0.1296875
1 0.721875 0.303125 0.10625 0.0765625
0 0.8625 0.32109375 0.0734375 0.053125
0 0.7765625 0.23671875 0.0765625 0.053125
1 0.6984375 0.1703125 0.125 0.0796875
1 0.525 0.11015625 0.1625 0.1234375
1 0.72578125 0.09453125 0.084375 0.0609375
1 0.8484375 0.109375 0.078125 0.059375