1 0.740625 0.940625 0.0984375 0.059375
1 0.69140625 0.8515625 0.084375 0.05
1 0.7984375 0.728125 0.0625 0.034375
1 0.728125 0.6703125 0.1140625 0.0640625
1 0.80390625 0.6609375 0.0625 0.0390625
1 0.75625 0.6171875 0.084375 0.046875
1 0.52578125 0.55390625 0.0984375 0.0640625
1 0.76875 0.54765625 0.065625 0.0359375
1 0.7796875 0.49609375 0.0765625 0.0359375
1 0.77265625 0.46171875 0.0890625 0.0515625
1 0.74609375 0.409375 0.075 0.04375
1 0.7109375 0.36640625 0.090625 0.0546875
1 0.696875 0.30546875 0.1015625 0.0609375
1 0.8125 0.26328125 0.08125 0.046875
0 0.81484375 0.21953125 0.0625 0.0421875
1 0.84375 0.146875 0.09375 0.0515625
1 0.8265625 0.08671875 0.09375 0.0515625
1 0.81953125 0.1859375 0.05625 0.0265625