1 0.08203125 0.221875 0.0515625 0.09375
1 0.16640625 0.27890625 0.04375 0.08125
1 0.2984375 0.1828125 0.0296875 0.059375
1 0.35 0.2578125 0.0546875 0.109375
1 0.36640625 0.18359375 0.034375 0.059375
1 0.40546875 0.234375 0.040625 0.08125
1 0.4484375 0.46953125 0.05625 0.09375
1 0.47578125 0.228125 0.03125 0.0625
1 0.528125 0.221875 0.0296875 0.075
1 0.56171875 0.23203125 0.04375 0.0859375
1 0.61171875 0.2625 0.0375 0.071875
1 0.6515625 0.3015625 0.046875 0.0875
1 0.7109375 0.32109375 0.053125 0.096875
1 0.76328125 0.209375 0.040625 0.078125
0 0.80703125 0.2109375 0.0375 0.059375
1 0.88203125 0.18828125 0.04375 0.090625
1 0.93984375 0.2109375 0.04375 0.090625
1 0.840625 0.209375 0.021875 0.0546875