1 0.684375 0.965625 0.103125 0.06875
1 0.646875 0.87265625 0.0890625 0.059375
1 0.76796875 0.76328125 0.0640625 0.040625
1 0.70546875 0.696875 0.11875 0.0765625
1 0.78203125 0.69609375 0.065625 0.0453125
1 0.73984375 0.64765625 0.0875 0.05625
1 0.51875 0.55703125 0.103125 0.075
1 0.7609375 0.58046875 0.0671875 0.04375
1 0.778125 0.53046875 0.0796875 0.0453125
1 0.775 0.4953125 0.09375 0.0609375
1 0.75546875 0.43984375 0.078125 0.0515625
1 0.72578125 0.39296875 0.0953125 0.0640625
1 0.71875 0.33125 0.10625 0.071875
1 0.8390625 0.303125 0.084375 0.05625
0 0.846875 0.26015625 0.065625 0.0484375
1 0.884375 0.19140625 0.0984375 0.0609375
1 0.87421875 0.1296875 0.0984375 0.0609375
1 0.85546875 0.22734375 0.0578125 0.0328125